0.00000000000000000000 0.00000000000001542924
46.87500000000000000000 0.01185070866322593397
93.75000000000000000000 0.04709693361431773612
140.62500000000000000000 0.10483911639068307919
187.50000000000000000000 0.18363621875630412039
234.37500000000000000000 0.28158565350371378422
281.25000000000000000000 0.39642197364207243382
328.12500000000000000000 0.52562433290598620239
375.00000000000000000000 0.66652339303227892131
421.87500000000000000000 0.81640022352042351805
468.75000000000000000000 0.97257219809827222257
515.62500000000000000000 1.13246335544053455813
562.50000000000000000000 1.29365874866117369635
609.37500000000000000000 1.45394376191762342287
656.25000000000000000000 1.61133020983404318116
703.12500000000000000000 1.76407136078996162887
750.00000000000000000000 1.91066799297831524385
796.87500000000000000000 2.04986735649637230594
843.75000000000000000000 2.18065660014052387083
890.62500000000000000000 2.30225191270460305404
937.50000000000000000000 2.41408437190689717511
984.37500000000000000000 2.51578330573478714527
1031.25000000000000000000 2.60715784661118554766
1078.12500000000000000000 2.68817728268985778328
1125.00000000000000000000 2.75895076329123689618
1171.87500000000000000000 2.81970687893149385417
1218.75000000000000000000 2.87077359699289047512
1265.62500000000000000000 2.91255898392194412239
1312.50000000000000000000 2.94553308145324477252
1359.37500000000000000000 2.97021122956610428290
1406.25000000000000000000 2.98713904725129175688
1453.12500000000000000000 2.99687919941918590183
1500.00000000000000000000 3.00000000000000444089
1546.87500000000000000000 2.99706583201565290864
1593.75000000000000000000 2.98862930818760252905
1640.62500000000000000000 2.97522505194685482621
1687.50000000000000000000 2.95736494858038989619
1734.37500000000000000000 2.93553469864850580251
1781.25000000000000000000 2.91019149899327356223
1828.12500000000000000000 2.88176267852578416040
1875.00000000000000000000 2.85064512435528083500
1921.87500000000000000000 2.81720534666834065973
1968.75000000000000000000 2.78178004630918174200
2015.62500000000000000000 2.74467706580417836193
2062.50000000000000000000 2.70617662150366555807
2109.37500000000000000000 2.66653273078155494957
2156.25000000000000000000 2.62597476330913615072
2203.12500000000000000000 2.58470905899354663759
2250.00000000000000000000 2.54292056710445280032
2296.87500000000000000000 2.50077447138742670063
2343.75000000000000000000 2.45841777464883159965
2390.62500000000000000000 2.41598082351576515237
2437.50000000000000000000 2.37357875997728662298
2484.37500000000000000000 2.33131289106242745035
2531.25000000000000000000 2.28927197176812935453
2578.12500000000000000000 2.24753339927038320312
2625.00000000000000000000 2.20616431867420326185
2671.87500000000000000000 2.16522264220834248505
2718.75000000000000000000 2.12475798495681056366
2765.62500000000000000000 2.08481252103493863714
2812.50000000000000000000 2.04542176464106528755
2859.37500000000000000000 2.00661528071089145797
2906.25000000000000000000 1.96841733002392649254
2953.12500000000000000000 1.93084745360356935251
3000.00000000000000000000 1.89392100114900419072
3046.87500000000000000000 1.85764960806625389900
3093.75000000000000000000 1.82204162544872461105
3140.62500000000000000000 1.78710250711224594156
3187.50000000000000000000 1.75283515752744545324
3234.37500000000000000000 1.71924024422497434550
3281.25000000000000000000 1.68631647798185935194
3328.12500000000000000000 1.65406086383709238774
3375.00000000000000000000 1.62246892573392065273
3421.87500000000000000000 1.59153490734807756546
3468.75000000000000000000 1.56125195143708617174
3515.62500000000000000000 1.53161225983600335354
3562.50000000000000000000 1.50260723603040657892
3609.37500000000000000000 1.47422761205740937562
3656.25000000000000000000 1.44646356132010112105
3703.12500000000000000000 1.41930479874896464665
3750.00000000000000000000 1.39274066960520559455
3796.87500000000000000000 1.36676022809456387819
3843.75000000000000000000 1.34135230684513206967
3890.62500000000000000000 1.31650557819842339846
3937.50000000000000000000 1.29220860816838145624
3984.37500000000000000000 1.26844990383736333506
4031.25000000000000000000 1.24521795488086217674
4078.12500000000000000000 1.22250126984278639775
4125.00000000000000000000 1.20028840772024225636
4171.87500000000000000000 1.17856800535975203559
4218.75000000000000000000 1.15732880111589908623
4265.62500000000000000000 1.13655965517706758483
4312.50000000000000000000 1.11624956692173094019
4359.37500000000000000000 1.09638768963115040833
4406.25000000000000000000 1.07696334285107542250
4453.12500000000000000000 1.05796602266462214104
4500.00000000000000000000 1.03938541011156426741
4546.87500000000000000000 1.02121137796485061955
4593.75000000000000000000 1.00343399605314953504
4640.62500000000000000000 0.98604353529883415064
4687.50000000000000000000 0.96903047062279989987
4734.37500000000000000000 0.95238548285188062703
4781.25000000000000000000 0.93609945975032593513
4828.12500000000000000000 0.92016349628389648707
4875.00000000000000000000 0.90456889421381014849
4921.87500000000000000000 0.88930716110720398060
4968.75000000000000000000 0.87437000884187587868
5015.62500000000000000000 0.85974935167425603488
5062.50000000000000000000 0.84543730393262372935
5109.37500000000000000000 0.83142617739040414193
5156.25000000000000000000 0.81770847836871163317
5203.12500000000000000000 0.80427690461167467006
5250.00000000000000000000 0.79112434197336500841
5296.87500000000000000000 0.77824386095074493674
5343.75000000000000000000 0.76562871309314617374
5390.62500000000000000000 0.75327232731536164501
5437.50000000000000000000 0.74116830613813178275
5484.37500000000000000000 0.72931042187723127412
5531.25000000000000000000 0.71769261279964524647
5578.12500000000000000000 0.70630897926309699209
5625.00000000000000000000 0.69515377985337845068
5671.87500000000000000000 0.68422142753168768703
5718.75000000000000000000 0.67350648580311489599
5765.62500000000000000000 0.66300366491546380843
5812.50000000000000000000 0.65270781809664635276
5859.37500000000000000000 0.64261393783759301890
5906.25000000000000000000 0.63271715222655611210
5953.12500000000000000000 0.62301272133987717350
6000.00000000000000000000 0.61349603369340821590
6046.87500000000000000000 0.60416260275805844238
6093.75000000000000000000 0.59500806354222346428
6140.62500000000000000000 0.58602816924349299121
6187.50000000000000000000 0.57721878797121439764
6234.37500000000000000000 0.56857589954133169741
6281.25000000000000000000 0.56009559234435157826
6328.12500000000000000000 0.55177406028696851514
6375.00000000000000000000 0.54360759980765327448
6421.87500000000000000000 0.53559260696607724483
6468.75000000000000000000 0.52772557460626823289
6515.62500000000000000000 0.52000308959283736421
6562.50000000000000000000 0.51242183011986330854
6609.37500000000000000000 0.50497856309141431197
6656.25000000000000000000 0.49767014157296218801
6703.12500000000000000000 0.49049350231257748955
6750.00000000000000000000 0.48344566333075372766
6796.87500000000000000000 0.47652372157775990669
6843.75000000000000000000 0.46972485065711472307
6890.62500000000000000000 0.46304629861397306190
6937.50000000000000000000 0.45648538578701985946
6984.37500000000000000000 0.45003950272245324404
7031.25000000000000000000 0.44370610814870542482
7078.12500000000000000000 0.43748272701037560495
7125.00000000000000000000 0.43136694856005353138
7171.87500000000000000000 0.42535642450646637958
7218.75000000000000000000 0.41944886721759772064
7265.62500000000000000000 0.41364204797728904017
7312.50000000000000000000 0.40793379529394058203
7359.37500000000000000000 0.40232199325985895655
7406.25000000000000000000 0.39680457995988066555
7453.12500000000000000000 0.39137954592790541453
7500.00000000000000000000 0.38604493264993500201
7546.87500000000000000000 0.38079883111236889626
7593.75000000000000000000 0.37563938039414246362
7640.62500000000000000000 0.37056476630154921992
7687.50000000000000000000 0.36557322004434789076
7734.37500000000000000000 0.36066301695209035394
7781.25000000000000000000 0.35583247522930794293
7828.12500000000000000000 0.35107995474851083628
7875.00000000000000000000 0.34640385587976985082
7921.87500000000000000000 0.34180261835582836927
7968.75000000000000000000 0.33727472017160908813
8015.62500000000000000000 0.33281867651710173028
8062.50000000000000000000 0.32843303874255536101
8109.37500000000000000000 0.32411639335501291059
8156.25000000000000000000 0.31986736104520185897
8203.12500000000000000000 0.31568459574382318200
8250.00000000000000000000 0.31156678370634371955
8296.87500000000000000000 0.30751264262536404104
8343.75000000000000000000 0.30352092076974901413
8390.62500000000000000000 0.29959039614964910747
8437.50000000000000000000 0.29571987570653390787
8484.37500000000000000000 0.29190819452762473141
8531.25000000000000000000 0.28815421508375954618
8578.12500000000000000000 0.28445682649006664988
8625.00000000000000000000 0.28081494378871557638
8671.87500000000000000000 0.27722750725300260299
8718.75000000000000000000 0.27369348171213803145
8765.62500000000000000000 0.27021185589607843447
8812.50000000000000000000 0.26678164179973079539
8859.37500000000000000000 0.26340187406598708497
8906.25000000000000000000 0.26007160938689150020
8953.12500000000000000000 0.25678992592252869454
9000.00000000000000000000 0.25355592273683924542
9046.87500000000000000000 0.25036871925010190099
9093.75000000000000000000 0.24722745470730919659
9140.62500000000000000000 0.24413128766212308096
9187.50000000000000000000 0.24107939547580092832
9234.37500000000000000000 0.23807097383067454821
9281.25000000000000000000 0.23510523625773110945
9328.12500000000000000000 0.23218141367781161555
9375.00000000000000000000 0.22929875395605897603
9421.87500000000000000000 0.22645652146913625158
9468.75000000000000000000 0.22365399668487506712
9515.62500000000000000000 0.22089047575395093226
9562.50000000000000000000 0.21816527011315950402
9609.37500000000000000000 0.21547770610003905145
9656.25000000000000000000 0.21282712457834662700
9703.12500000000000000000 0.21021288057422524154
9750.00000000000000000000 0.20763434292254720481
9796.87500000000000000000 0.20509089392326665391
9843.75000000000000000000 0.20258192900740154552
9890.62500000000000000000 0.20010685641234080001
9937.50000000000000000000 0.19766509686625211017
9984.37500000000000000000 0.19525608328125124147
10031.25000000000000000000 0.19287926045507708395
10078.12500000000000000000 0.19053408478106007018
10125.00000000000000000000 0.18822002396603590424
10171.87500000000000000000 0.18593655675609827016
10218.75000000000000000000 0.18368317266983319458
10265.62500000000000000000 0.18145937173881604432
10312.50000000000000000000 0.17926466425529155591
10359.37500000000000000000 0.17709857052662317245
10406.25000000000000000000 0.17496062063646347640
10453.12500000000000000000 0.17285035421233857500
10500.00000000000000000000 0.17076732019956497588
10546.87500000000000000000 0.16871107664117274139
10593.75000000000000000000 0.16668119046380006076
10640.62500000000000000000 0.16467723726926891681
10687.50000000000000000000 0.16269880113172197067
10734.37500000000000000000 0.16074547440019099076
10781.25000000000000000000 0.15881685750633586784
10828.12500000000000000000 0.15691255877732845914
10875.00000000000000000000 0.15503219425362385619
10921.87500000000000000000 0.15317538751153814136
10968.75000000000000000000 0.15134176949047326022
11015.62500000000000000000 0.14953097832465861439
11062.50000000000000000000 0.14774265917925907821
11109.37500000000000000000 0.14597646409075040741
11156.25000000000000000000 0.14423205181144266307
11203.12500000000000000000 0.14250908765798794842
11250.00000000000000000000 0.14080724336380201489
11296.87500000000000000000 0.13912619693528927023
11343.75000000000000000000 0.13746563251169433006
11390.62500000000000000000 0.13582524022861702795
11437.50000000000000000000 0.13420471608490547322
11484.37500000000000000000 0.13260376181298164089
11531.25000000000000000000 0.13102208475244633834
11578.12500000000000000000 0.12945939772682460434
11625.00000000000000000000 0.12791541892348412546
11671.87500000000000000000 0.12638987177647534321
11718.75000000000000000000 0.12488248485239576702
11765.62500000000000000000 0.12339299173899766215
11812.50000000000000000000 0.12192113093665581103
11859.37500000000000000000 0.12046664575245476236
11906.25000000000000000000 0.11902928419694069895
11953.12500000000000000000 0.11760879888337269494
12000.00000000000000000000 0.11620494692949075166
12046.87500000000000000000 0.11481748986166620541
12093.75000000000000000000 0.11344619352136403601
12140.62500000000000000000 0.11209082797395632236
12187.50000000000000000000 0.11075116741967513945
12234.37500000000000000000 0.10942699010676179561
12281.25000000000000000000 0.10811807824669331102
12328.12500000000000000000 0.10682421793145147060
12375.00000000000000000000 0.10554519905280310144
12421.87500000000000000000 0.10428081522344817555
12468.75000000000000000000 0.10303086370012774775
12515.62500000000000000000 0.10179514530848048082
12562.50000000000000000000 0.10057346436977174231
12609.37500000000000000000 0.09936562862925302220
12656.25000000000000000000 0.09817144918629400197
12703.12500000000000000000 0.09699074042612250424
12750.00000000000000000000 0.09582331995313926598
12796.87500000000000000000 0.09466900852587210868
12843.75000000000000000000 0.09352762999333447125
12890.62500000000000000000 0.09239901123297064589
12937.50000000000000000000 0.09128298208995358487
12984.37500000000000000000 0.09017937531794527339
13031.25000000000000000000 0.08908802652119546250
13078.12500000000000000000 0.08800877409796652173
13125.00000000000000000000 0.08694145918526992312
13171.87500000000000000000 0.08588592560485087957
13218.75000000000000000000 0.08484201981043466845
13265.62500000000000000000 0.08380959083610559079
13312.50000000000000000000 0.08278849024593930295
13359.37500000000000000000 0.08177857208470901140
13406.25000000000000000000 0.08077969282973447573
13453.12500000000000000000 0.07979171134380330654
13500.00000000000000000000 0.07881448882914079967
13546.87500000000000000000 0.07784788878242127064
13593.75000000000000000000 0.07689177695077559216
13640.62500000000000000000 0.07594602128877755987
13687.50000000000000000000 0.07501049191637619573
13734.37500000000000000000 0.07408506107776680061
13781.25000000000000000000 0.07316960310117938404
13828.12500000000000000000 0.07226399435950096872
13875.00000000000000000000 0.07136811323185889011
13921.87500000000000000000 0.07048184006590565986
13968.75000000000000000000 0.06960505714106807185
14015.62500000000000000000 0.06873764863250285406
14062.50000000000000000000 0.06787950057585685759
14109.37500000000000000000 0.06703050083280542859
14156.25000000000000000000 0.06619053905731744902
14203.12500000000000000000 0.06535950666265519238
14250.00000000000000000000 0.06453729678907613176
14296.87500000000000000000 0.06372380427222781862
14343.75000000000000000000 0.06291892561221612556
14390.62500000000000000000 0.06212255894334901135
14437.50000000000000000000 0.06133460400447144495
14484.37500000000000000000 0.06055496211001178131
14531.25000000000000000000 0.05978353612155752617
14578.12500000000000000000 0.05902023042007709108
14625.00000000000000000000 0.05826495087871607498
14671.87500000000000000000 0.05751760483614688085
14718.75000000000000000000 0.05677810107052276567
14765.62500000000000000000 0.05604634977388642247
14812.50000000000000000000 0.05532226252722414334
14859.37500000000000000000 0.05460575227594272052
14906.25000000000000000000 0.05389673330590447065
14953.12500000000000000000 0.05319512121994494913
15000.00000000000000000000 0.05250083291485167780
15046.87500000000000000000 0.05181378655887954043
15093.75000000000000000000 0.05113390156963937977
15140.62500000000000000000 0.05046109859250835772
15187.50000000000000000000 0.04979529947944227875
15234.37500000000000000000 0.04913642726825249302
15281.25000000000000000000 0.04848440616226360605
15328.12500000000000000000 0.04783916151040133735
15375.00000000000000000000 0.04720061978770333927
15421.87500000000000000000 0.04656870857618136683
15468.75000000000000000000 0.04594335654611012704
15515.62500000000000000000 0.04532449343764612115
15562.50000000000000000000 0.04471205004286527007
15609.37500000000000000000 0.04410595818811670343
15656.25000000000000000000 0.04350615071673746836
15703.12500000000000000000 0.04291256147215967431
15750.00000000000000000000 0.04232512528124378337
15796.87500000000000000000 0.04174377793805757880
15843.75000000000000000000 0.04116845618791904055
15890.62500000000000000000 0.04059909771173846049
15937.50000000000000000000 0.04003564111071979820
15984.37500000000000000000 0.03947802589129533607
16031.25000000000000000000 0.03892619245043801857
16078.12500000000000000000 0.03838008206116218235
16125.00000000000000000000 0.03783963685840120023
16171.87500000000000000000 0.03730479982509374293
16218.75000000000000000000 0.03677551477857708001
16265.62500000000000000000 0.03625172635721873177
16312.50000000000000000000 0.03573338000731390851
16359.37500000000000000000 0.03522042197025495452
16406.25000000000000000000 0.03471279926992139331
16453.12500000000000000000 0.03421045970032177835
16500.00000000000000000000 0.03371335181347428350
16546.87500000000000000000 0.03322142490752073851
16593.75000000000000000000 0.03273462901505337641
16640.62500000000000000000 0.03225291489168732179
16687.50000000000000000000 0.03177623400483312044
16734.37500000000000000000 0.03130453852268118287
16781.25000000000000000000 0.03083778130341198812
16828.12500000000000000000 0.03037591588458434314
16875.00000000000000000000 0.02991889647274812922
16921.87500000000000000000 0.02946667793324346529
16968.75000000000000000000 0.02901921578018659340
17015.62500000000000000000 0.02857646616663898562
17062.50000000000000000000 0.02813838587499832566
17109.37500000000000000000 0.02770493230750414176
17156.25000000000000000000 0.02727606347698321651
17203.12500000000000000000 0.02685173799773896142
17250.00000000000000000000 0.02643191507659470307
17296.87500000000000000000 0.02601655450414678758
17343.75000000000000000000 0.02560561664612205635
17390.62500000000000000000 0.02519906243497845380
17437.50000000000000000000 0.02479685336155269468
17484.37500000000000000000 0.02439895146696119746
17531.25000000000000000000 0.02400531933460045911
17578.12500000000000000000 0.02361592008228187781
17625.00000000000000000000 0.02323071735457224452
17671.87500000000000000000 0.02284967531520372061
17718.75000000000000000000 0.02247275863967064524
17765.62500000000000000000 0.02209993250793464842
17812.50000000000000000000 0.02173116259728823108
17859.37500000000000000000 0.02136641507533461673
17906.25000000000000000000 0.02100565659308799987
17953.12500000000000000000 0.02064885427821928215
18000.00000000000000000000 0.02029597572840330030
18046.87500000000000000000 0.01994698900481189571
18093.75000000000000000000 0.01960186262569527105
18140.62500000000000000000 0.01926056556011149223
18187.50000000000000000000 0.01892306722174649791
18234.37500000000000000000 0.01858933746286711708
18281.25000000000000000000 0.01825934656833798700
18328.12500000000000000000 0.01793306524982948499
18375.00000000000000000000 0.01761046464004168907
18421.87500000000000000000 0.01729151628708694780
18468.75000000000000000000 0.01697619214896570194
18515.62500000000000000000 0.01666446458810876691
18562.50000000000000000000 0.01635630636609590807
18609.37500000000000000000 0.01605169063836216561
18656.25000000000000000000 0.01575059094909612989
18703.12500000000000000000 0.01545298122618394762
18750.00000000000000000000 0.01515883577622800273
18796.87500000000000000000 0.01486812927972328696
18843.75000000000000000000 0.01458083678622968532
18890.62500000000000000000 0.01429693370971560178
18937.50000000000000000000 0.01401639582392662231
18984.37500000000000000000 0.01373919925786790813
19031.25000000000000000000 0.01346532049136961277
19078.12500000000000000000 0.01319473635069686596
19125.00000000000000000000 0.01292742400429688042
19171.87500000000000000000 0.01266336095856577040
19218.75000000000000000000 0.01240252505374109769
19265.62500000000000000000 0.01214489445981430105
19312.50000000000000000000 0.01189044767258248120
19359.37500000000000000000 0.01163916350971444871
19406.25000000000000000000 0.01139102110691970343
19453.12500000000000000000 0.01114599991417994373
19500.00000000000000000000 0.01090407969203935692
19546.87500000000000000000 0.01066524050799420344
19593.75000000000000000000 0.01042946273288542121
19640.62500000000000000000 0.01019672703744459522
19687.50000000000000000000 0.00996701438880649888
19734.37500000000000000000 0.00974030604717896105
19781.25000000000000000000 0.00951658356250638729
19828.12500000000000000000 0.00929582877121176709
19875.00000000000000000000 0.00907802379303067168
19921.87500000000000000000 0.00886315102784679398
19968.75000000000000000000 0.00865119315264466747
20015.62500000000000000000 0.00844213311847169350
20062.50000000000000000000 0.00823595414749820828
20109.37500000000000000000 0.00803263973008309755
20156.25000000000000000000 0.00783217362194719123
20203.12500000000000000000 0.00763453984136193593
20250.00000000000000000000 0.00743972266641316441
20296.87500000000000000000 0.00724770663229373866
20343.75000000000000000000 0.00705847652867331102
20390.62500000000000000000 0.00687201739711437113
20437.50000000000000000000 0.00668831452850190446
20484.37500000000000000000 0.00650735346057339237
20531.25000000000000000000 0.00632911997547596673
20578.12500000000000000000 0.00615360009734692692
20625.00000000000000000000 0.00598078008998891540
20671.87500000000000000000 0.00581064645453576497
20718.75000000000000000000 0.00564318592722852074
20765.62500000000000000000 0.00547838547716482469
20812.50000000000000000000 0.00531623230415084747
20859.37500000000000000000 0.00515671383656712834
20906.25000000000000000000 0.00499981772928112696
20953.12500000000000000000 0.00484553186161614229
21000.00000000000000000000 0.00469384433532460919
21046.87500000000000000000 0.00454474347267757282
21093.75000000000000000000 0.00439821781447763318
21140.62500000000000000000 0.00425425611824403055
21187.50000000000000000000 0.00411284735632896394
21234.37500000000000000000 0.00397398071414442351
21281.25000000000000000000 0.00383764558838969047
21328.12500000000000000000 0.00370383158531230805
21375.00000000000000000000 0.00357252851906036169
21421.87500000000000000000 0.00344372640998731605
21468.75000000000000000000 0.00331741548306941454
21515.62500000000000000000 0.00319358616632386960
21562.50000000000000000000 0.00307222908925098778
21609.37500000000000000000 0.00295333508135230214
21656.25000000000000000000 0.00283689517062642215
21703.12500000000000000000 0.00272290058218912969
21750.00000000000000000000 0.00261134273679602740
21796.87500000000000000000 0.00250221324953382859
21843.75000000000000000000 0.00239550392846050314
21890.62500000000000000000 0.00229120677328685171
21937.50000000000000000000 0.00218931397414578793
21984.37500000000000000000 0.00208981791031631831
22031.25000000000000000000 0.00199271114904298052
22078.12500000000000000000 0.00189798644433507215
22125.00000000000000000000 0.00180563673585172830
22171.87500000000000000000 0.00171565514776874707
22218.75000000000000000000 0.00162803498771201373
22265.62500000000000000000 0.00154276974567655115
22312.50000000000000000000 0.00145985309305462466
22359.37500000000000000000 0.00137927888158778872
22406.25000000000000000000 0.00130104114244922599
22453.12500000000000000000 0.00122513408528283603
22500.00000000000000000000 0.00115155209731285864
22546.87500000000000000000 0.00108028974246619390
22593.75000000000000000000 0.00101134176052285413
22640.62500000000000000000 0.00094470306629263097
22687.50000000000000000000 0.00088036874883341647
22734.37500000000000000000 0.00081833407069768478
22781.25000000000000000000 0.00075859446717050792
22828.12500000000000000000 0.00070114554558010705
22875.00000000000000000000 0.00064598308462694991
22921.87500000000000000000 0.00059310303370247797
22968.75000000000000000000 0.00054250151229196571
23015.62500000000000000000 0.00049417480935545191
23062.50000000000000000000 0.00044811938277353257
23109.37500000000000000000 0.00040433185877509825
23156.25000000000000000000 0.00036280903144537426
23203.12500000000000000000 0.00032354786221977375
23250.00000000000000000000 0.00028654547940599632
23296.87500000000000000000 0.00025179917776716371
23343.75000000000000000000 0.00021930641808306974
23390.62500000000000000000 0.00018906482677054815
23437.50000000000000000000 0.00016107219552246446
23484.37500000000000000000 0.00013532648096340651
23531.25000000000000000000 0.00011182580433557757
23578.12500000000000000000 0.00009056845120911084
23625.00000000000000000000 0.00007155287123609397
23671.87500000000000000000 0.00005477767788273405
23718.75000000000000000000 0.00004024164825538326
23765.62500000000000000000 0.00002794372287192290
23812.50000000000000000000 0.00001788300553279913
23859.37500000000000000000 0.00001005876316056453
23906.25000000000000000000 0.00000447042571593133
23953.12500000000000000000 0.00000111758607654724
24000.00000000000000000000 0.00000000000000000000
24046.87500000000000000000 0.00000111758607654724
24093.75000000000000000000 0.00000447042571593133
24140.62500000000000000000 0.00001005876316056453
24187.50000000000000000000 0.00001788300553279913
24234.37500000000000000000 0.00002794372287192290
24281.25000000000000000000 0.00004024164825538326
24328.12500000000000000000 0.00005477767788273405
24375.00000000000000000000 0.00007155287123609397
24421.87500000000000000000 0.00009056845120911084
24468.75000000000000000000 0.00011182580433557757
24515.62500000000000000000 0.00013532648096340651
24562.50000000000000000000 0.00016107219552246446
24609.37500000000000000000 0.00018906482677054815
24656.25000000000000000000 0.00021930641808306974
24703.12500000000000000000 0.00025179917776716371
24750.00000000000000000000 0.00028654547940599632
24796.87500000000000000000 0.00032354786221977375
24843.75000000000000000000 0.00036280903144537426
24890.62500000000000000000 0.00040433185877702688
24937.50000000000000000000 0.00044811938277353257
24984.37500000000000000000 0.00049417480935738038
25031.25000000000000000000 0.00054250151229196571
25078.12500000000000000000 0.00059310303370247797
25125.00000000000000000000 0.00064598308462694991
25171.87500000000000000000 0.00070114554558010705
25218.75000000000000000000 0.00075859446717050792
25265.62500000000000000000 0.00081833407069768478
25312.50000000000000000000 0.00088036874883341647
25359.37500000000000000000 0.00094470306629263097
25406.25000000000000000000 0.00101134176052285413
25453.12500000000000000000 0.00108028974246619390
25500.00000000000000000000 0.00115155209731285864
25546.87500000000000000000 0.00122513408528283603
25593.75000000000000000000 0.00130104114244922599
25640.62500000000000000000 0.00137927888158586058
25687.50000000000000000000 0.00145985309305269630
25734.37500000000000000000 0.00154276974567655115
25781.25000000000000000000 0.00162803498771201373
25828.12500000000000000000 0.00171565514776874707
25875.00000000000000000000 0.00180563673585172830
25921.87500000000000000000 0.00189798644433507215
25968.75000000000000000000 0.00199271114904298052
26015.62500000000000000000 0.00208981791031631831
26062.50000000000000000000 0.00218931397414771607
26109.37500000000000000000 0.00229120677328685171
26156.25000000000000000000 0.00239550392845857500
26203.12500000000000000000 0.00250221324953382859
26250.00000000000000000000 0.00261134273679602740
26296.87500000000000000000 0.00272290058218912969
26343.75000000000000000000 0.00283689517062642215
26390.62500000000000000000 0.00295333508135230214
26437.50000000000000000000 0.00307222908925098778
26484.37500000000000000000 0.00319358616632386960
26531.25000000000000000000 0.00331741548306941454
26578.12500000000000000000 0.00344372640998731605
26625.00000000000000000000 0.00357252851905843398
26671.87500000000000000000 0.00370383158531230805
26718.75000000000000000000 0.00383764558838776276
26765.62500000000000000000 0.00397398071414442351
26812.50000000000000000000 0.00411284735632896394
26859.37500000000000000000 0.00425425611824403055
26906.25000000000000000000 0.00439821781447763318
26953.12500000000000000000 0.00454474347267757282
27000.00000000000000000000 0.00469384433532460919
27046.87500000000000000000 0.00484553186161614229
27093.75000000000000000000 0.00499981772927919968
27140.62500000000000000000 0.00515671383656712834
27187.50000000000000000000 0.00531623230415084747
27234.37500000000000000000 0.00547838547716482469
27281.25000000000000000000 0.00564318592722852074
27328.12500000000000000000 0.00581064645453576497
27375.00000000000000000000 0.00598078008998891540
27421.87500000000000000000 0.00615360009734885419
27468.75000000000000000000 0.00632911997547596673
27515.62500000000000000000 0.00650735346057339237
27562.50000000000000000000 0.00668831452849997805
27609.37500000000000000000 0.00687201739711437113
27656.25000000000000000000 0.00705847652867331102
27703.12500000000000000000 0.00724770663229373866
27750.00000000000000000000 0.00743972266641316441
27796.87500000000000000000 0.00763453984136386321
27843.75000000000000000000 0.00783217362194719123
27890.62500000000000000000 0.00803263973008309755
27937.50000000000000000000 0.00823595414750013383
27984.37500000000000000000 0.00844213311847169350
28031.25000000000000000000 0.00865119315264466747
28078.12500000000000000000 0.00886315102784679398
28125.00000000000000000000 0.00907802379303067168
28171.87500000000000000000 0.00929582877121176709
28218.75000000000000000000 0.00951658356250638729
28265.62500000000000000000 0.00974030604717896105
28312.50000000000000000000 0.00996701438880649888
28359.37500000000000000000 0.01019672703744459522
28406.25000000000000000000 0.01042946273288542121
28453.12500000000000000000 0.01066524050799420344
28500.00000000000000000000 0.01090407969203935692
28546.87500000000000000000 0.01114599991417994373
28593.75000000000000000000 0.01139102110691970343
28640.62500000000000000000 0.01163916350971444871
28687.50000000000000000000 0.01189044767258248120
28734.37500000000000000000 0.01214489445981430105
28781.25000000000000000000 0.01240252505374109769
28828.12500000000000000000 0.01266336095856577040
28875.00000000000000000000 0.01292742400429688042
28921.87500000000000000000 0.01319473635069686596
28968.75000000000000000000 0.01346532049136961277
29015.62500000000000000000 0.01373919925786790813
29062.50000000000000000000 0.01401639582392662231
29109.37500000000000000000 0.01429693370971560178
29156.25000000000000000000 0.01458083678622968532
29203.12500000000000000000 0.01486812927972328696
29250.00000000000000000000 0.01515883577622800273
29296.87500000000000000000 0.01545298122618394762
29343.75000000000000000000 0.01575059094909612989
29390.62500000000000000000 0.01605169063836216561
29437.50000000000000000000 0.01635630636609590807
29484.37500000000000000000 0.01666446458810876691
29531.25000000000000000000 0.01697619214896570194
29578.12500000000000000000 0.01729151628708694780
29625.00000000000000000000 0.01761046464004168907
29671.87500000000000000000 0.01793306524982948499
29718.75000000000000000000 0.01825934656833798700
29765.62500000000000000000 0.01858933746286519154
29812.50000000000000000000 0.01892306722174649791
29859.37500000000000000000 0.01926056556011149223
29906.25000000000000000000 0.01960186262569527105
29953.12500000000000000000 0.01994698900481189571
30000.00000000000000000000 0.02029597572840330030
30046.87500000000000000000 0.02064885427821928215
30093.75000000000000000000 0.02100565659308799987
30140.62500000000000000000 0.02136641507533461673
30187.50000000000000000000 0.02173116259728823108
30234.37500000000000000000 0.02209993250793464842
30281.25000000000000000000 0.02247275863967064524
30328.12500000000000000000 0.02284967531520372061
30375.00000000000000000000 0.02323071735457224452
30421.87500000000000000000 0.02361592008228187781
30468.75000000000000000000 0.02400531933459853703
30515.62500000000000000000 0.02439895146696119746
30562.50000000000000000000 0.02479685336155269468
30609.37500000000000000000 0.02519906243497845380
30656.25000000000000000000 0.02560561664612205635
30703.12500000000000000000 0.02601655450414678758
30750.00000000000000000000 0.02643191507659470307
30796.87500000000000000000 0.02685173799773896142
30843.75000000000000000000 0.02727606347698321651
30890.62500000000000000000 0.02770493230750414176
30937.50000000000000000000 0.02813838587499832566
30984.37500000000000000000 0.02857646616663898562
31031.25000000000000000000 0.02901921578018659340
31078.12500000000000000000 0.02946667793324346529
31125.00000000000000000000 0.02991889647274812922
31171.87500000000000000000 0.03037591588458434314
31218.75000000000000000000 0.03083778130341198812
31265.62500000000000000000 0.03130453852268118287
31312.50000000000000000000 0.03177623400483312044
31359.37500000000000000000 0.03225291489168732179
31406.25000000000000000000 0.03273462901505337641
31453.12500000000000000000 0.03322142490752073851
31500.00000000000000000000 0.03371335181347428350
31546.87500000000000000000 0.03421045970032177835
31593.75000000000000000000 0.03471279926992139331
31640.62500000000000000000 0.03522042197025495452
31687.50000000000000000000 0.03573338000731198644
31734.37500000000000000000 0.03625172635721873177
31781.25000000000000000000 0.03677551477857708001
31828.12500000000000000000 0.03730479982509374293
31875.00000000000000000000 0.03783963685840120023
31921.87500000000000000000 0.03838008206116218235
31968.75000000000000000000 0.03892619245043801857
32015.62500000000000000000 0.03947802589129533607
32062.50000000000000000000 0.04003564111071788306
32109.37500000000000000000 0.04059909771173846049
32156.25000000000000000000 0.04116845618791904055
32203.12500000000000000000 0.04174377793805757880
32250.00000000000000000000 0.04232512528124378337
32296.87500000000000000000 0.04291256147215967431
32343.75000000000000000000 0.04350615071673746836
32390.62500000000000000000 0.04410595818811670343
32437.50000000000000000000 0.04471205004286527007
32484.37500000000000000000 0.04532449343764612115
32531.25000000000000000000 0.04594335654611012704
32578.12500000000000000000 0.04656870857618136683
32625.00000000000000000000 0.04720061978770333927
32671.87500000000000000000 0.04783916151040133735
32718.75000000000000000000 0.04848440616226360605
32765.62500000000000000000 0.04913642726825249302
32812.50000000000000000000 0.04979529947944227875
32859.37500000000000000000 0.05046109859250835772
32906.25000000000000000000 0.05113390156963746463
32953.12500000000000000000 0.05181378655887954043
33000.00000000000000000000 0.05250083291485167780
33046.87500000000000000000 0.05319512121994494913
33093.75000000000000000000 0.05389673330590254163
33140.62500000000000000000 0.05460575227594272052
33187.50000000000000000000 0.05532226252722414334
33234.37500000000000000000 0.05604634977388642247
33281.25000000000000000000 0.05677810107052084360
33328.12500000000000000000 0.05751760483614688085
33375.00000000000000000000 0.05826495087871607498
33421.87500000000000000000 0.05902023042007709108
33468.75000000000000000000 0.05978353612155561797
33515.62500000000000000000 0.06055496211001178131
33562.50000000000000000000 0.06133460400447144495
33609.37500000000000000000 0.06212255894334901135
33656.25000000000000000000 0.06291892561221612556
33703.12500000000000000000 0.06372380427222781862
33750.00000000000000000000 0.06453729678907613176
33796.87500000000000000000 0.06535950666265519238
33843.75000000000000000000 0.06619053905731744902
33890.62500000000000000000 0.06703050083280542859
33937.50000000000000000000 0.06787950057585494246
33984.37500000000000000000 0.06873764863250285406
34031.25000000000000000000 0.06960505714106807185
34078.12500000000000000000 0.07048184006590565986
34125.00000000000000000000 0.07136811323185889011
34171.87500000000000000000 0.07226399435950286998
34218.75000000000000000000 0.07316960310117938404
34265.62500000000000000000 0.07408506107776680061
34312.50000000000000000000 0.07501049191637619573
34359.37500000000000000000 0.07594602128877564473
34406.25000000000000000000 0.07689177695077559216
34453.12500000000000000000 0.07784788878242127064
34500.00000000000000000000 0.07881448882914079967
34546.87500000000000000000 0.07979171134380330654
34593.75000000000000000000 0.08077969282973447573
34640.62500000000000000000 0.08177857208470901140
34687.50000000000000000000 0.08278849024593930295
34734.37500000000000000000 0.08380959083610559079
34781.25000000000000000000 0.08484201981043466845
34828.12500000000000000000 0.08588592560485087957
34875.00000000000000000000 0.08694145918526992312
34921.87500000000000000000 0.08800877409796652173
34968.75000000000000000000 0.08908802652119546250
35015.62500000000000000000 0.09017937531794527339
35062.50000000000000000000 0.09128298208995358487
35109.37500000000000000000 0.09239901123297256103
35156.25000000000000000000 0.09352762999333447125
35203.12500000000000000000 0.09466900852587210868
35250.00000000000000000000 0.09582331995313926598
35296.87500000000000000000 0.09699074042612250424
35343.75000000000000000000 0.09817144918629400197
35390.62500000000000000000 0.09936562862925302220
35437.50000000000000000000 0.10057346436977174231
35484.37500000000000000000 0.10179514530848048082
35531.25000000000000000000 0.10303086370012774775
35578.12500000000000000000 0.10428081522344817555
35625.00000000000000000000 0.10554519905280310144
35671.87500000000000000000 0.10682421793145147060
35718.75000000000000000000 0.10811807824669331102
35765.62500000000000000000 0.10942699010676179561
35812.50000000000000000000 0.11075116741967513945
35859.37500000000000000000 0.11209082797395632236
35906.25000000000000000000 0.11344619352136403601
35953.12500000000000000000 0.11481748986166620541
36000.00000000000000000000 0.11620494692949075166
36046.87500000000000000000 0.11760879888337269494
36093.75000000000000000000 0.11902928419694069895
36140.62500000000000000000 0.12046664575245476236
36187.50000000000000000000 0.12192113093665581103
36234.37500000000000000000 0.12339299173899766215
36281.25000000000000000000 0.12488248485239576702
36328.12500000000000000000 0.12638987177647534321
36375.00000000000000000000 0.12791541892348412546
36421.87500000000000000000 0.12945939772682460434
36468.75000000000000000000 0.13102208475244633834
36515.62500000000000000000 0.13260376181298164089
36562.50000000000000000000 0.13420471608490547322
36609.37500000000000000000 0.13582524022861702795
36656.25000000000000000000 0.13746563251169433006
36703.12500000000000000000 0.13912619693528927023
36750.00000000000000000000 0.14080724336380201489
36796.87500000000000000000 0.14250908765798794842
36843.75000000000000000000 0.14423205181144266307
36890.62500000000000000000 0.14597646409074849227
36937.50000000000000000000 0.14774265917925907821
36984.37500000000000000000 0.14953097832465861439
37031.25000000000000000000 0.15134176949047326022
37078.12500000000000000000 0.15317538751153814136
37125.00000000000000000000 0.15503219425362385619
37171.87500000000000000000 0.15691255877732845914
37218.75000000000000000000 0.15881685750633586784
37265.62500000000000000000 0.16074547440019099076
37312.50000000000000000000 0.16269880113172197067
37359.37500000000000000000 0.16467723726926891681
37406.25000000000000000000 0.16668119046380006076
37453.12500000000000000000 0.16871107664117274139
37500.00000000000000000000 0.17076732019956497588
37546.87500000000000000000 0.17285035421233857500
37593.75000000000000000000 0.17496062063646347640
37640.62500000000000000000 0.17709857052662505983
37687.50000000000000000000 0.17926466425529155591
37734.37500000000000000000 0.18145937173881604432
37781.25000000000000000000 0.18368317266983319458
37828.12500000000000000000 0.18593655675610015754
37875.00000000000000000000 0.18822002396603590424
37921.87500000000000000000 0.19053408478106007018
37968.75000000000000000000 0.19287926045507708395
38015.62500000000000000000 0.19525608328125124147
38062.50000000000000000000 0.19766509686625399755
38109.37500000000000000000 0.20010685641234080001
38156.25000000000000000000 0.20258192900740154552
38203.12500000000000000000 0.20509089392326665391
38250.00000000000000000000 0.20763434292254720481
38296.87500000000000000000 0.21021288057422524154
38343.75000000000000000000 0.21282712457834662700
38390.62500000000000000000 0.21547770610003905145
38437.50000000000000000000 0.21816527011315950402
38484.37500000000000000000 0.22089047575395093226
38531.25000000000000000000 0.22365399668487506712
38578.12500000000000000000 0.22645652146913625158
38625.00000000000000000000 0.22929875395605897603
38671.87500000000000000000 0.23218141367781161555
38718.75000000000000000000 0.23510523625773299683
38765.62500000000000000000 0.23807097383067454821
38812.50000000000000000000 0.24107939547580092832
38859.37500000000000000000 0.24413128766212308096
38906.25000000000000000000 0.24722745470730733697
38953.12500000000000000000 0.25036871925010190099
39000.00000000000000000000 0.25355592273683924542
39046.87500000000000000000 0.25678992592252869454
39093.75000000000000000000 0.26007160938689338758
39140.62500000000000000000 0.26340187406598708497
39187.50000000000000000000 0.26678164179973079539
39234.37500000000000000000 0.27021185589607843447
39281.25000000000000000000 0.27369348171213803145
39328.12500000000000000000 0.27722750725300260299
39375.00000000000000000000 0.28081494378871557638
39421.87500000000000000000 0.28445682649006664988
39468.75000000000000000000 0.28815421508375954618
39515.62500000000000000000 0.29190819452762473141
39562.50000000000000000000 0.29571987570653390787
39609.37500000000000000000 0.29959039614964910747
39656.25000000000000000000 0.30352092076975084600
39703.12500000000000000000 0.30751264262536404104
39750.00000000000000000000 0.31156678370634371955
39796.87500000000000000000 0.31568459574382318200
39843.75000000000000000000 0.31986736104520185897
39890.62500000000000000000 0.32411639335501291059
39937.50000000000000000000 0.32843303874255719288
39984.37500000000000000000 0.33281867651710173028
40031.25000000000000000000 0.33727472017160908813
40078.12500000000000000000 0.34180261835582836927
40125.00000000000000000000 0.34640385587976985082
40171.87500000000000000000 0.35107995474851083628
40218.75000000000000000000 0.35583247522930794293
40265.62500000000000000000 0.36066301695209035394
40312.50000000000000000000 0.36557322004434789076
40359.37500000000000000000 0.37056476630154921992
40406.25000000000000000000 0.37563938039414246362
40453.12500000000000000000 0.38079883111236889626
40500.00000000000000000000 0.38604493264993500201
40546.87500000000000000000 0.39137954592790541453
40593.75000000000000000000 0.39680457995988066555
40640.62500000000000000000 0.40232199325985895655
40687.50000000000000000000 0.40793379529394058203
40734.37500000000000000000 0.41364204797728904017
40781.25000000000000000000 0.41944886721759772064
40828.12500000000000000000 0.42535642450646637958
40875.00000000000000000000 0.43136694856005353138
40921.87500000000000000000 0.43748272701037560495
40968.75000000000000000000 0.44370610814870542482
41015.62500000000000000000 0.45003950272245324404
41062.50000000000000000000 0.45648538578701985946
41109.37500000000000000000 0.46304629861397306190
41156.25000000000000000000 0.46972485065711472307
41203.12500000000000000000 0.47652372157775990669
41250.00000000000000000000 0.48344566333075372766
41296.87500000000000000000 0.49049350231257748955
41343.75000000000000000000 0.49767014157296218801
41390.62500000000000000000 0.50497856309141608833
41437.50000000000000000000 0.51242183011986330854
41484.37500000000000000000 0.52000308959283736421
41531.25000000000000000000 0.52772557460626468018
41578.12500000000000000000 0.53559260696607724483
41625.00000000000000000000 0.54360759980765327448
41671.87500000000000000000 0.55177406028696851514
41718.75000000000000000000 0.56009559234435157826
41765.62500000000000000000 0.56857589954133169741
41812.50000000000000000000 0.57721878797121439764
41859.37500000000000000000 0.58602816924349299121
41906.25000000000000000000 0.59500806354222346428
41953.12500000000000000000 0.60416260275805844238
42000.00000000000000000000 0.61349603369340821590
42046.87500000000000000000 0.62301272133987717350
42093.75000000000000000000 0.63271715222655611210
42140.62500000000000000000 0.64261393783759301890
42187.50000000000000000000 0.65270781809664635276
42234.37500000000000000000 0.66300366491546203207
42281.25000000000000000000 0.67350648580311489599
42328.12500000000000000000 0.68422142753168768703
42375.00000000000000000000 0.69515377985337845068
42421.87500000000000000000 0.70630897926309699209
42468.75000000000000000000 0.71769261279964524647
42515.62500000000000000000 0.72931042187723127412
42562.50000000000000000000 0.74116830613813178275
42609.37500000000000000000 0.75327232731536164501
42656.25000000000000000000 0.76562871309314617374
42703.12500000000000000000 0.77824386095074493674
42750.00000000000000000000 0.79112434197336500841
42796.87500000000000000000 0.80427690461167644642
42843.75000000000000000000 0.81770847836871163317
42890.62500000000000000000 0.83142617739040414193
42937.50000000000000000000 0.84543730393262372935
42984.37500000000000000000 0.85974935167425603488
43031.25000000000000000000 0.87437000884187587868
43078.12500000000000000000 0.88930716110720398060
43125.00000000000000000000 0.90456889421381014849
43171.87500000000000000000 0.92016349628389648707
43218.75000000000000000000 0.93609945975032593513
43265.62500000000000000000 0.95238548285188062703
43312.50000000000000000000 0.96903047062279989987
43359.37500000000000000000 0.98604353529883415064
43406.25000000000000000000 1.00343399605314953504
43453.12500000000000000000 1.02121137796485061955
43500.00000000000000000000 1.03938541011156426741
43546.87500000000000000000 1.05796602266462214104
43593.75000000000000000000 1.07696334285107542250
43640.62500000000000000000 1.09638768963115040833
43687.50000000000000000000 1.11624956692173094019
43734.37500000000000000000 1.13655965517706758483
43781.25000000000000000000 1.15732880111589908623
43828.12500000000000000000 1.17856800535975203559
43875.00000000000000000000 1.20028840772024225636
43921.87500000000000000000 1.22250126984278639775
43968.75000000000000000000 1.24521795488086217674
44015.62500000000000000000 1.26844990383736333506
44062.50000000000000000000 1.29220860816838145624
44109.37500000000000000000 1.31650557819842339846
44156.25000000000000000000 1.34135230684513206967
44203.12500000000000000000 1.36676022809456543250
44250.00000000000000000000 1.39274066960520559455
44296.87500000000000000000 1.41930479874896464665
44343.75000000000000000000 1.44646356132010112105
44390.62500000000000000000 1.47422761205740937562
44437.50000000000000000000 1.50260723603040480256
44484.37500000000000000000 1.53161225983600335354
44531.25000000000000000000 1.56125195143708617174
44578.12500000000000000000 1.59153490734807756546
44625.00000000000000000000 1.62246892573392065273
44671.87500000000000000000 1.65406086383709238774
44718.75000000000000000000 1.68631647798185935194
44765.62500000000000000000 1.71924024422497434550
44812.50000000000000000000 1.75283515752744545324
44859.37500000000000000000 1.78710250711224594156
44906.25000000000000000000 1.82204162544872616536
44953.12500000000000000000 1.85764960806625389900
45000.00000000000000000000 1.89392100114900419072
45046.87500000000000000000 1.93084745360356935251
45093.75000000000000000000 1.96841733002392649254
45140.62500000000000000000 2.00661528071089145797
45187.50000000000000000000 2.04542176464106528755
45234.37500000000000000000 2.08481252103493863714
45281.25000000000000000000 2.12475798495681189593
45328.12500000000000000000 2.16522264220834248505
45375.00000000000000000000 2.20616431867420148549
45421.87500000000000000000 2.24753339927038320312
45468.75000000000000000000 2.28927197176812935453
45515.62500000000000000000 2.33131289106242745035
45562.50000000000000000000 2.37357875997728662298
45609.37500000000000000000 2.41598082351576692872
45656.25000000000000000000 2.45841777464883159965
45703.12500000000000000000 2.50077447138742670063
45750.00000000000000000000 2.54292056710445280032
45796.87500000000000000000 2.58470905899354663759
45843.75000000000000000000 2.62597476330913526255
45890.62500000000000000000 2.66653273078155494957
45937.50000000000000000000 2.70617662150366422580
45984.37500000000000000000 2.74467706580417836193
46031.25000000000000000000 2.78178004630918174200
46078.12500000000000000000 2.81720534666834065973
46125.00000000000000000000 2.85064512435528083500
46171.87500000000000000000 2.88176267852578416040
46218.75000000000000000000 2.91019149899327356223
46265.62500000000000000000 2.93553469864850580251
46312.50000000000000000000 2.95736494858038723166
46359.37500000000000000000 2.97522505194685660257
46406.25000000000000000000 2.98862930818760252905
46453.12500000000000000000 2.99706583201565290864
46500.00000000000000000000 3.00000000000000444089
46546.87500000000000000000 2.99687919941918590183
46593.75000000000000000000 2.98713904725129175688
46640.62500000000000000000 2.97021122956610428290
46687.50000000000000000000 2.94553308145324477252
46734.37500000000000000000 2.91255898392194412239
46781.25000000000000000000 2.87077359699289047512
46828.12500000000000000000 2.81970687893149385417
46875.00000000000000000000 2.75895076329123689618
46921.87500000000000000000 2.68817728268985778328
46968.75000000000000000000 2.60715784661118554766
47015.62500000000000000000 2.51578330573478847754
47062.50000000000000000000 2.41408437190689717511
47109.37500000000000000000 2.30225191270460172177
47156.25000000000000000000 2.18065660014052387083
47203.12500000000000000000 2.04986735649637230594
47250.00000000000000000000 1.91066799297831524385
47296.87500000000000000000 1.76407136078996162887
47343.75000000000000000000 1.61133020983404318116
47390.62500000000000000000 1.45394376191762342287
47437.50000000000000000000 1.29365874866117369635
47484.37500000000000000000 1.13246335544053455813
47531.25000000000000000000 0.97257219809827222257
47578.12500000000000000000 0.81640022352042351805
47625.00000000000000000000 0.66652339303227892131
47671.87500000000000000000 0.52562433290598620239
47718.75000000000000000000 0.39642197364207243382
47765.62500000000000000000 0.28158565350371378422
47812.50000000000000000000 0.18363621875630412039
47859.37500000000000000000 0.10483911639068307919
47906.25000000000000000000 0.04709693361431773612
47953.12500000000000000000 0.01185070866322593397
