0.00000000000000000000 -0.00000000000057570350
46.87500000000000000000 0.00033050553141577080
93.75000000000000000000 0.00132932493114126002
140.62500000000000000000 0.00301865823152420694
187.50000000000000000000 0.00543649606073545386
234.37500000000000000000 0.00863817193082081630
281.25000000000000000000 0.01269867452541968179
328.12500000000000000000 0.01771587435140112993
375.00000000000000000000 0.02381488709281318755
421.87500000000000000000 0.03115388575626836659
468.75000000000000000000 0.03993179501620043592
515.62500000000000000000 0.05039846781110522700
562.50000000000000000000 0.06286817566305406835
609.37500000000000000000 0.07773756787066850305
656.25000000000000000000 0.09550970903685226943
703.12500000000000000000 0.11682644155609600567
750.00000000000000000000 0.14251220700799940855
796.87500000000000000000 0.17363367472700561023
843.75000000000000000000 0.21158112772547491010
890.62500000000000000000 0.25817951006575334816
937.50000000000000000000 0.31583899721425945373
984.37500000000000000000 0.38775569960460748442
1031.25000000000000000000 0.47816923411449485659
1078.12500000000000000000 0.59266666401075684956
1125.00000000000000000000 0.73847087770801844719
1171.87500000000000000000 0.92451996425438776050
1218.75000000000000000000 1.16084461727131094122
1265.62500000000000000000 1.45616536977156751931
1312.50000000000000000000 1.81181017493673013341
1359.37500000000000000000 2.21002707326372238583
1406.25000000000000000000 2.59918940955524480074
1453.12500000000000000000 2.89174245380659655780
1500.00000000000000000000 3.00000000000041122661
1546.87500000000000000000 2.89799470030344075155
1593.75000000000000000000 2.64005448202143000458
1640.62500000000000000000 2.31272958622676982898
1687.50000000000000000000 1.98363915574193527824
1734.37500000000000000000 1.68761686472240057810
1781.25000000000000000000 1.43572542318000073713
1828.12500000000000000000 1.22693158349356301606
1875.00000000000000000000 1.05561135962271546163
1921.87500000000000000000 0.91522253791190721905
1968.75000000000000000000 0.79977432690957528383
2015.62500000000000000000 0.70425835946206938321
2062.50000000000000000000 0.62465500914988469905
2109.37500000000000000000 0.55779636437942281546
2156.25000000000000000000 0.50120221499361505835
2203.12500000000000000000 0.45293130330449293819
2250.00000000000000000000 0.41145920446549605343
2296.87500000000000000000 0.37558246660115063298
2343.75000000000000000000 0.34434494142768334868
2390.62500000000000000000 0.31698168545640054150
2437.50000000000000000000 0.29287634841469489810
2484.37500000000000000000 0.27152876230129574520
2531.25000000000000000000 0.25253019866459247567
2578.12500000000000000000 0.23554438443372169298
2625.00000000000000000000 0.22029285082249078220
2671.87500000000000000000 0.20654355522402984002
2718.75000000000000000000 0.19410198766097522260
2765.62500000000000000000 0.18280417393399198134
2812.50000000000000000000 0.17251113541857743261
2859.37500000000000000000 0.16310447448754566979
2906.25000000000000000000 0.15448283518962291350
2953.12500000000000000000 0.14655904872077707424
3000.00000000000000000000 0.13925781793615304993
3046.87500000000000000000 0.13251382869845590440
3093.75000000000000000000 0.12627020117040169134
3140.62500000000000000000 0.12047721336599628850
3187.50000000000000000000 0.11509124393373224016
3234.37500000000000000000 0.11007389239608425524
3281.25000000000000000000 0.10539124375390931942
3328.12500000000000000000 0.10101325110538154906
3375.00000000000000000000 0.09691321518917805911
3421.87500000000000000000 0.09306734388866017005
3468.75000000000000000000 0.08945437798760841330
3515.62500000000000000000 0.08605527204721399870
3562.50000000000000000000 0.08285292132724214609
3609.37500000000000000000 0.07983192731745511472
3656.25000000000000000000 0.07697839576546977591
3703.12500000000000000000 0.07427976215311139774
3750.00000000000000000000 0.07172464043719460614
3796.87500000000000000000 0.06930269157381155343
3843.75000000000000000000 0.06700450891977817458
3890.62500000000000000000 0.06482151807630789908
3937.50000000000000000000 0.06274588912787645856
3984.37500000000000000000 0.06077045955014126477
4031.25000000000000000000 0.05888866632642029281
4078.12500000000000000000 0.05709448603352999807
4125.00000000000000000000 0.05538238184243220175
4171.87500000000000000000 0.05374725653363366523
4218.75000000000000000000 0.05218441075713470961
4265.62500000000000000000 0.05068950587608537367
4312.50000000000000000000 0.04925853082561659074
4359.37500000000000000000 0.04788777249663510316
4406.25000000000000000000 0.04657378922075069982
4453.12500000000000000000 0.04531338698910942347
4500.00000000000000000000 0.04410359808622724143
4546.87500000000000000000 0.04294166186130449897
4593.75000000000000000000 0.04182500739486175872
4640.62500000000000000000 0.04075123784916905717
4687.50000000000000000000 0.03971811631703782430
4734.37500000000000000000 0.03872355300655826171
4781.25000000000000000000 0.03776559361858029817
4828.12500000000000000000 0.03684240879122914480
4875.00000000000000000000 0.03595228450015370419
4921.87500000000000000000 0.03509361331644268028
4968.75000000000000000000 0.03426488643510749998
5015.62500000000000000000 0.03346468639712178728
5062.50000000000000000000 0.03269168043636418858
5109.37500000000000000000 0.03194461439059584351
5156.25000000000000000000 0.03122230712210048026
5203.12500000000000000000 0.03052364539946772828
5250.00000000000000000000 0.02984757919724844236
5296.87500000000000000000 0.02919311737460731498
5343.75000000000000000000 0.02855932369828573930
5390.62500000000000000000 0.02794531317860358272
5437.50000000000000000000 0.02735024869049423879
5484.37500000000000000000 0.02677333785431463761
5531.25000000000000000000 0.02621383015371108252
5578.12500000000000000000 0.02567101427001412112
5625.00000000000000000000 0.02514421561462369323
5671.87500000000000000000 0.02463279404266584954
5718.75000000000000000000 0.02413614173272199404
5765.62500000000000000000 0.02365368121887244726
5812.50000000000000000000 0.02318486356264476064
5859.37500000000000000000 0.02272916665344155984
5906.25000000000000000000 0.02228609362721959558
5953.12500000000000000000 0.02185517139403705608
6000.00000000000000000000 0.02143594926584712484
6046.87500000000000000000 0.02102799767686336710
6093.75000000000000000000 0.02063090698927530497
6140.62500000000000000000 0.02024428637788933810
6187.50000000000000000000 0.01986776278768131315
6234.37500000000000000000 0.01950097995888292954
6281.25000000000000000000 0.01914359751456409103
6328.12500000000000000000 0.01879529010615722459
6375.00000000000000000000 0.01845574661270349068
6421.87500000000000000000 0.01812466938999946278
6468.75000000000000000000 0.01780177356604858291
6515.62500000000000000000 0.01748678637962698332
6562.50000000000000000000 0.01717944655881548099
6609.37500000000000000000 0.01687950373692507014
6656.25000000000000000000 0.01658671790308787614
6703.12500000000000000000 0.01630085888522721585
6750.00000000000000000000 0.01602170586324469861
6796.87500000000000000000 0.01574904691035035678
6843.75000000000000000000 0.01548267856074644205
6890.62500000000000000000 0.01522240540186580587
6937.50000000000000000000 0.01496803968959883879
6984.37500000000000000000 0.01471940098507997646
7031.25000000000000000000 0.01447631581153009141
7078.12500000000000000000 0.01423861733002137510
7125.00000000000000000000 0.01400614503287216268
7171.87500000000000000000 0.01377874445363613462
7218.75000000000000000000 0.01355626689265117778
7265.62500000000000000000 0.01333856915712769951
7312.50000000000000000000 0.01312551331501148229
7359.37500000000000000000 0.01291696646168012663
7406.25000000000000000000 0.01271280049874907829
7453.12500000000000000000 0.01251289192432808624
7500.00000000000000000000 0.01231712163388340615
7546.87500000000000000000 0.01212537473130165765
7593.75000000000000000000 0.01193754034941173041
7640.62500000000000000000 0.01175351147946724142
7687.50000000000000000000 0.01157318480906850688
7734.37500000000000000000 0.01139646056809316167
7781.25000000000000000000 0.01122324238210022952
7828.12500000000000000000 0.01105343713286271665
7875.00000000000000000000 0.01088695482560278829
7921.87500000000000000000 0.01072370846255516277
7968.75000000000000000000 0.01056361392253235554
8015.62500000000000000000 0.01040658984616324098
8062.50000000000000000000 0.01025255752645887197
8109.37500000000000000000 0.01010144080450756619
8156.25000000000000000000 0.00995316596991819257
8203.12500000000000000000 0.00980766166587115212
8250.00000000000000000000 0.00966485879841870628
8296.87500000000000000000 0.00952469044993824523
8343.75000000000000000000 0.00938709179643381318
8390.62500000000000000000 0.00925200002851213690
8437.50000000000000000000 0.00911935427584772626
8484.37500000000000000000 0.00898909553498621061
8531.25000000000000000000 0.00886116660029638396
8578.12500000000000000000 0.00873551199788533475
8625.00000000000000000000 0.00861207792235434144
8671.87500000000000000000 0.00849081217631379205
8718.75000000000000000000 0.00837166411239986460
8765.62500000000000000000 0.00825458457779579095
8812.50000000000000000000 0.00813952586101769453
8859.37500000000000000000 0.00802644164098697925
8906.25000000000000000000 0.00791528693814336562
8953.12500000000000000000 0.00780601806764357701
9000.00000000000000000000 0.00769859259437847589
9046.87500000000000000000 0.00759296928993065737
9093.75000000000000000000 0.00748910809115702677
9140.62500000000000000000 0.00738697006053565947
9187.50000000000000000000 0.00728651734800570341
9234.37500000000000000000 0.00718771315439909776
9281.25000000000000000000 0.00709052169624868958
9328.12500000000000000000 0.00699490817202521285
9375.00000000000000000000 0.00690083872964162084
9421.87500000000000000000 0.00680828043527526797
9468.75000000000000000000 0.00671720124332131005
9515.62500000000000000000 0.00662756996756248482
9562.50000000000000000000 0.00653935625337824424
9609.37500000000000000000 0.00645253055104749122
9656.25000000000000000000 0.00636706409003534850
9703.12500000000000000000 0.00628292885425456131
9750.00000000000000000000 0.00620009755821891891
9796.87500000000000000000 0.00611854362411394168
9843.75000000000000000000 0.00603824115968488052
9890.62500000000000000000 0.00595916493696143062
9937.50000000000000000000 0.00588129037170956152
9984.37500000000000000000 0.00580459350368575568
10031.25000000000000000000 0.00572905097754929614
10078.12500000000000000000 0.00565464002448286956
10125.00000000000000000000 0.00558133844447344755
10171.87500000000000000000 0.00550912458920540648
10218.75000000000000000000 0.00543797734554866442
10265.62500000000000000000 0.00536787611966317493
10312.50000000000000000000 0.00529880082161003109
10359.37500000000000000000 0.00523073185051938904
10406.25000000000000000000 0.00516365008028066026
10453.12500000000000000000 0.00509753684570876837
10500.00000000000000000000 0.00503237392915191657
10546.87500000000000000000 0.00496814354763344158
10593.75000000000000000000 0.00490482834035053591
10640.62500000000000000000 0.00484241135663590529
10687.50000000000000000000 0.00478087604429572929
10734.37500000000000000000 0.00472020623836446381
10781.25000000000000000000 0.00466038615019365339
10828.12500000000000000000 0.00460140035696545140
10875.00000000000000000000 0.00454323379144582797
10921.87500000000000000000 0.00448587173217801852
10968.75000000000000000000 0.00442929979394469497
11015.62500000000000000000 0.00437350391852013316
11062.50000000000000000000 0.00431847036576446172
11109.37500000000000000000 0.00426418570495980948
11156.25000000000000000000 0.00421063680646164250
11203.12500000000000000000 0.00415781083359016007
11250.00000000000000000000 0.00410569523476950627
11296.87500000000000000000 0.00405427773594566662
11343.75000000000000000000 0.00400354633320020980
11390.62500000000000000000 0.00395348928563701071
11437.50000000000000000000 0.00390409510845909653
11484.37500000000000000000 0.00385535256625686197
11531.25000000000000000000 0.00380725066653273426
11578.12500000000000000000 0.00375977865338714351
11625.00000000000000000000 0.00371292600141208276
11671.87500000000000000000 0.00366668240977687833
11718.75000000000000000000 0.00362103779649075629
11765.62500000000000000000 0.00357598229280175605
11812.50000000000000000000 0.00353150623783032944
11859.37500000000000000000 0.00348760017329306175
11906.25000000000000000000 0.00344425483842834747
11953.12500000000000000000 0.00340146116506428575
12000.00000000000000000000 0.00335921027279024011
12046.87500000000000000000 0.00331749346434970487
12093.75000000000000000000 0.00327630222106361493
12140.62500000000000000000 0.00323562819851161724
12187.50000000000000000000 0.00319546322219177448
12234.37500000000000000000 0.00315579928344211086
12281.25000000000000000000 0.00311662853538689257
12328.12500000000000000000 0.00307794328902717598
12375.00000000000000000000 0.00303973600946986448
12421.87500000000000000000 0.00300199931221237790
12468.75000000000000000000 0.00296472595954656989
12515.62500000000000000000 0.00292790885712239249
12562.50000000000000000000 0.00289154105049587926
12609.37500000000000000000 0.00285561572188509395
12656.25000000000000000000 0.00282012618692969227
12703.12500000000000000000 0.00278506589160064117
12750.00000000000000000000 0.00275042840915212198
12796.87500000000000000000 0.00271620743719276072
12843.75000000000000000000 0.00268239679478171275
12890.62500000000000000000 0.00264899041968843585
12937.50000000000000000000 0.00261598236563298156
12984.37500000000000000000 0.00258336679966493510
13031.25000000000000000000 0.00255113799959807638
13078.12500000000000000000 0.00251929035149308896
13125.00000000000000000000 0.00248781834722877583
13171.87500000000000000000 0.00245671658211555309
13218.75000000000000000000 0.00242597975260904234
13265.62500000000000000000 0.00239560265406593394
13312.50000000000000000000 0.00236558017849007249
13359.37500000000000000000 0.00233590731249435279
13406.25000000000000000000 0.00230657913514486536
13453.12500000000000000000 0.00227759081598809601
13500.00000000000000000000 0.00224893761303557576
13546.87500000000000000000 0.00222061487087374778
13593.75000000000000000000 0.00219261801877757402
13640.62500000000000000000 0.00216494256890116272
13687.50000000000000000000 0.00213758411446828651
13734.37500000000000000000 0.00211053832805920862
13781.25000000000000000000 0.00208380095993211971
13828.12500000000000000000 0.00205736783635026253
13875.00000000000000000000 0.00203123485798223846
13921.87500000000000000000 0.00200539799835428500
13968.75000000000000000000 0.00197985330228897353
14015.62500000000000000000 0.00195459688444601714
14062.50000000000000000000 0.00192962492785143372
14109.37500000000000000000 0.00190493368248833054
14156.25000000000000000000 0.00188051946390304704
14203.12500000000000000000 0.00185637865186520992
14250.00000000000000000000 0.00183250768905472228
14296.87500000000000000000 0.00180890307976024870
14343.75000000000000000000 0.00178556138864320113
14390.62500000000000000000 0.00176247923951130224
14437.50000000000000000000 0.00173965331409787387
14484.37500000000000000000 0.00171708035093940965
14531.25000000000000000000 0.00169475714420874008
14578.12500000000000000000 0.00167268054260792144
14625.00000000000000000000 0.00165084744828613845
14671.87500000000000000000 0.00162925481578455591
14718.75000000000000000000 0.00160789965098304404
14765.62500000000000000000 0.00158677901012784948
14812.50000000000000000000 0.00156588999879172944
14859.37500000000000000000 0.00154522977095359476
14906.25000000000000000000 0.00152479552804340134
14953.12500000000000000000 0.00150458451802171168
15000.00000000000000000000 0.00148459403446692703
15046.87500000000000000000 0.00146482141572418776
15093.75000000000000000000 0.00144526404401952840
15140.62500000000000000000 0.00142591934465498304
15187.50000000000000000000 0.00140678478514580894
15234.37500000000000000000 0.00138785787445216209
15281.25000000000000000000 0.00136913616218952913
15328.12500000000000000000 0.00135061723785841171
15375.00000000000000000000 0.00133229873009904696
15421.87500000000000000000 0.00131417830595188518
15468.75000000000000000000 0.00129625367015274648
15515.62500000000000000000 0.00127852256444337814
15562.50000000000000000000 0.00126098276685306055
15609.37500000000000000000 0.00124363209106310296
15656.25000000000000000000 0.00122646838573853387
15703.12500000000000000000 0.00120948953390605045
15750.00000000000000000000 0.00119269345228758443
15796.87500000000000000000 0.00117607809073412800
15843.75000000000000000000 0.00115964143159011011
15890.62500000000000000000 0.00114338148915417350
15937.50000000000000000000 0.00112729630904350982
15984.37500000000000000000 0.00111138396768737822
16031.25000000000000000000 0.00109564257175310577
16078.12500000000000000000 0.00108007025761835788
16125.00000000000000000000 0.00106466519082795480
16171.87500000000000000000 0.00104942556560852929
16218.75000000000000000000 0.00103434960434073452
16265.62500000000000000000 0.00101943555708736773
16312.50000000000000000000 0.00100468170109061319
16359.37500000000000000000 0.00099008634030784597
16406.25000000000000000000 0.00097564780495705691
16453.12500000000000000000 0.00096136445106226385
16500.00000000000000000000 0.00094723465999891026
16546.87500000000000000000 0.00093325683807395825
16593.75000000000000000000 0.00091942941609632865
16640.62500000000000000000 0.00090575084896468120
16687.50000000000000000000 0.00089221961524939752
16734.37500000000000000000 0.00087883421680155110
16781.25000000000000000000 0.00086559317836186131
16828.12500000000000000000 0.00085249504718892485
16875.00000000000000000000 0.00083953839266814683
16921.87500000000000000000 0.00082672180594380485
16968.75000000000000000000 0.00081404389957231375
17015.62500000000000000000 0.00080150330716776731
17062.50000000000000000000 0.00078909868305325329
17109.37500000000000000000 0.00077682870191216047
17156.25000000000000000000 0.00076469205847418651
17203.12500000000000000000 0.00075268746719555279
17250.00000000000000000000 0.00074081366191799535
17296.87500000000000000000 0.00072906939557210268
17343.75000000000000000000 0.00071745343987293132
17390.62500000000000000000 0.00070596458501368344
17437.50000000000000000000 0.00069460163937673340
17484.37500000000000000000 0.00068336342924464610
17531.25000000000000000000 0.00067224879852083080
17578.12500000000000000000 0.00066125660845982813
17625.00000000000000000000 0.00065038573737445031
17671.87500000000000000000 0.00063963508039883792
17718.75000000000000000000 0.00062900354920715658
17765.62500000000000000000 0.00061849007176699889
17812.50000000000000000000 0.00060809359209470875
17859.37500000000000000000 0.00059781306999527020
17906.25000000000000000000 0.00058764748083690464
17953.12500000000000000000 0.00057759581531409052
18000.00000000000000000000 0.00056765707920864773
18046.87500000000000000000 0.00055783029317010347
18093.75000000000000000000 0.00054811449248062197
18140.62500000000000000000 0.00053850872686814319
18187.50000000000000000000 0.00052901206025201869
18234.37500000000000000000 0.00051962357057349544
18281.25000000000000000000 0.00051034234955484134
18328.12500000000000000000 0.00050116750253367630
18375.00000000000000000000 0.00049209814822208809
18421.87500000000000000000 0.00048313341856024030
18468.75000000000000000000 0.00047427245849476302
18515.62500000000000000000 0.00046551442580728205
18562.50000000000000000000 0.00045685849091208597
18609.37500000000000000000 0.00044830383671164641
18656.25000000000000000000 0.00043984965838463443
18703.12500000000000000000 0.00043149516324721875
18750.00000000000000000000 0.00042323957054685938
18796.87500000000000000000 0.00041508211133131260
18843.75000000000000000000 0.00040702202825977488
18890.62500000000000000000 0.00039905857547380840
18937.50000000000000000000 0.00039119101840076408
18984.37500000000000000000 0.00038341863363048614
19031.25000000000000000000 0.00037574070876308496
19078.12500000000000000000 0.00036815654224899269
19125.00000000000000000000 0.00036066544324637301
19171.87500000000000000000 0.00035326673148431250
19218.75000000000000000000 0.00034595973712601058
19265.62500000000000000000 0.00033874380062810816
19312.50000000000000000000 0.00033161827259422854
19359.37500000000000000000 0.00032458251367287216
19406.25000000000000000000 0.00031763589439166607
19453.12500000000000000000 0.00031077779508225409
19500.00000000000000000000 0.00030400760568946892
19546.87500000000000000000 0.00029732472570200295
19593.75000000000000000000 0.00029072856401171919
19640.62500000000000000000 0.00028421853881345960
19687.50000000000000000000 0.00027779407745470838
19734.37500000000000000000 0.00027145461636625303
19781.25000000000000000000 0.00026519960091762884
19828.12500000000000000000 0.00025902848533620472
19875.00000000000000000000 0.00025294073256840860
19921.87500000000000000000 0.00024693581421423780
19968.75000000000000000000 0.00024101321039040919
20015.62500000000000000000 0.00023517240965715126
20062.50000000000000000000 0.00022941290889677917
20109.37500000000000000000 0.00022373421323855432
20156.25000000000000000000 0.00021813583594497006
20203.12500000000000000000 0.00021261729834239372
20250.00000000000000000000 0.00020717812969963425
20296.87500000000000000000 0.00020181786716822359
20343.75000000000000000000 0.00019653605567833884
20390.62500000000000000000 0.00019133224786365127
20437.50000000000000000000 0.00018620600395531653
20484.37500000000000000000 0.00018115689173960712
20531.25000000000000000000 0.00017618448643261328
20578.12500000000000000000 0.00017128837064558699
20625.00000000000000000000 0.00016646813426156852
20671.87500000000000000000 0.00016172337440265608
20718.75000000000000000000 0.00015705369532205857
20765.62500000000000000000 0.00015245870836171955
20812.50000000000000000000 0.00014793803184822419
20859.37500000000000000000 0.00014349129105234952
20906.25000000000000000000 0.00013911811809654045
20953.12500000000000000000 0.00013481815192217195
21000.00000000000000000000 0.00013059103818159371
21046.87500000000000000000 0.00012643642920731840
21093.75000000000000000000 0.00012235398392527894
21140.62500000000000000000 0.00011834336782594314
21187.50000000000000000000 0.00011440425285056777
21234.37500000000000000000 0.00011053631740088361
21281.25000000000000000000 0.00010673924622341877
21328.12500000000000000000 0.00010301273039218076
21375.00000000000000000000 0.00009935646722190711
21421.87500000000000000000 0.00009577016024688825
21468.75000000000000000000 0.00009225351913807334
21515.62500000000000000000 0.00008880625967996254
21562.50000000000000000000 0.00008542810369542548
21609.37500000000000000000 0.00008211877901101981
21656.25000000000000000000 0.00007887801940302275
21703.12500000000000000000 0.00007570556457624842
21750.00000000000000000000 0.00007260116006186161
21796.87500000000000000000 0.00006956455723283740
21843.75000000000000000000 0.00006659551322684557
21890.62500000000000000000 0.00006369379091927856
21937.50000000000000000000 0.00006085915886349181
21984.37500000000000000000 0.00005809139127347340
22031.25000000000000000000 0.00005539026797758327
22078.12500000000000000000 0.00005275557436843437
22125.00000000000000000000 0.00005018710137591673
22171.87500000000000000000 0.00004768464543829215
22218.75000000000000000000 0.00004524800845014448
22265.62500000000000000000 0.00004287699775083058
22312.50000000000000000000 0.00004057142605892865
22359.37500000000000000000 0.00003833111147997419
22406.25000000000000000000 0.00003615587744283561
22453.12500000000000000000 0.00003404555269009100
22500.00000000000000000000 0.00003199997123754608
22546.87500000000000000000 0.00003001897234339455
22593.75000000000000000000 0.00002810240049473576
22640.62500000000000000000 0.00002625010538444839
22687.50000000000000000000 0.00002446194184949055
22734.37500000000000000000 0.00002273776989020254
22781.25000000000000000000 0.00002107745462403481
22828.12500000000000000000 0.00001948086627013385
22875.00000000000000000000 0.00001794788011849809
22921.87500000000000000000 0.00001647837651649124
22968.75000000000000000000 0.00001507224085728353
23015.62500000000000000000 0.00001372936353550538
23062.50000000000000000000 0.00001244963995883133
23109.37500000000000000000 0.00001123297049977528
23156.25000000000000000000 0.00001007926050920187
23203.12500000000000000000 0.00000898842028354980
23250.00000000000000000000 0.00000796036504748370
23296.87500000000000000000 0.00000699501494618875
23343.75000000000000000000 0.00000609229503959342
23390.62500000000000000000 0.00000525213526573316
23437.50000000000000000000 0.00000447447045425857
23484.37500000000000000000 0.00000375924030522730
23531.25000000000000000000 0.00000310638937946722
23578.12500000000000000000 0.00000251586709086786
23625.00000000000000000000 0.00000198762768709929
23671.87500000000000000000 0.00000152163026118897
23718.75000000000000000000 0.00000111783873802559
23765.62500000000000000000 0.00000077622185314771
23812.50000000000000000000 0.00000049675316817642
23859.37500000000000000000 0.00000027941105731755
23906.25000000000000000000 0.00000012417870157802
23953.12500000000000000000 0.00000003104409262499
24000.00000000000000000000 0.00000000000002507251
24046.87500000000000000000 0.00000003104409262499
24093.75000000000000000000 0.00000012417870157802
24140.62500000000000000000 0.00000027941105731755
24187.50000000000000000000 0.00000049675316817642
24234.37500000000000000000 0.00000077622185314771
24281.25000000000000000000 0.00000111783873802559
24328.12500000000000000000 0.00000152163026118897
24375.00000000000000000000 0.00000198762768709929
24421.87500000000000000000 0.00000251586709086786
24468.75000000000000000000 0.00000310638937946722
24515.62500000000000000000 0.00000375924030522730
24562.50000000000000000000 0.00000447447045425857
24609.37500000000000000000 0.00000525213526573316
24656.25000000000000000000 0.00000609229503959342
24703.12500000000000000000 0.00000699501494618875
24750.00000000000000000000 0.00000796036504748370
24796.87500000000000000000 0.00000898842028354980
24843.75000000000000000000 0.00001007926050920187
24890.62500000000000000000 0.00001123297049977528
24937.50000000000000000000 0.00001244963995883133
24984.37500000000000000000 0.00001372936353550538
25031.25000000000000000000 0.00001507224085728353
25078.12500000000000000000 0.00001647837651649124
25125.00000000000000000000 0.00001794788011849809
25171.87500000000000000000 0.00001948086627013385
25218.75000000000000000000 0.00002107745462403481
25265.62500000000000000000 0.00002273776989020254
25312.50000000000000000000 0.00002446194184949055
25359.37500000000000000000 0.00002625010538251974
25406.25000000000000000000 0.00002810240049473576
25453.12500000000000000000 0.00003001897234339455
25500.00000000000000000000 0.00003199997123754608
25546.87500000000000000000 0.00003404555269009100
25593.75000000000000000000 0.00003615587744283561
25640.62500000000000000000 0.00003833111147997419
25687.50000000000000000000 0.00004057142606085729
25734.37500000000000000000 0.00004287699775083058
25781.25000000000000000000 0.00004524800845014448
25828.12500000000000000000 0.00004768464543829215
25875.00000000000000000000 0.00005018710137591673
25921.87500000000000000000 0.00005275557436843437
25968.75000000000000000000 0.00005539026797758327
26015.62500000000000000000 0.00005809139127347340
26062.50000000000000000000 0.00006085915886349181
26109.37500000000000000000 0.00006369379091927856
26156.25000000000000000000 0.00006659551322684557
26203.12500000000000000000 0.00006956455723283740
26250.00000000000000000000 0.00007260116006186161
26296.87500000000000000000 0.00007570556457624842
26343.75000000000000000000 0.00007887801940302275
26390.62500000000000000000 0.00008211877901101981
26437.50000000000000000000 0.00008542810369542548
26484.37500000000000000000 0.00008880625967996254
26531.25000000000000000000 0.00009225351913807334
26578.12500000000000000000 0.00009577016024688825
26625.00000000000000000000 0.00009935646722190711
26671.87500000000000000000 0.00010301273039218076
26718.75000000000000000000 0.00010673924622341877
26765.62500000000000000000 0.00011053631740088361
26812.50000000000000000000 0.00011440425285056777
26859.37500000000000000000 0.00011834336782594314
26906.25000000000000000000 0.00012235398392527894
26953.12500000000000000000 0.00012643642920731840
27000.00000000000000000000 0.00013059103818159371
27046.87500000000000000000 0.00013481815192217195
27093.75000000000000000000 0.00013911811809654045
27140.62500000000000000000 0.00014349129105234952
27187.50000000000000000000 0.00014793803184822419
27234.37500000000000000000 0.00015245870836171955
27281.25000000000000000000 0.00015705369532205857
27328.12500000000000000000 0.00016172337440265608
27375.00000000000000000000 0.00016646813426156852
27421.87500000000000000000 0.00017128837064558699
27468.75000000000000000000 0.00017618448643261328
27515.62500000000000000000 0.00018115689173960712
27562.50000000000000000000 0.00018620600395531653
27609.37500000000000000000 0.00019133224786365127
27656.25000000000000000000 0.00019653605567833884
27703.12500000000000000000 0.00020181786716822359
27750.00000000000000000000 0.00020717812969963425
27796.87500000000000000000 0.00021261729834239372
27843.75000000000000000000 0.00021813583594497006
27890.62500000000000000000 0.00022373421323855432
27937.50000000000000000000 0.00022941290889677917
27984.37500000000000000000 0.00023517240965715126
28031.25000000000000000000 0.00024101321039040919
28078.12500000000000000000 0.00024693581421423780
28125.00000000000000000000 0.00025294073256840860
28171.87500000000000000000 0.00025902848533620472
28218.75000000000000000000 0.00026519960091762884
28265.62500000000000000000 0.00027145461636625303
28312.50000000000000000000 0.00027779407745663701
28359.37500000000000000000 0.00028421853881345960
28406.25000000000000000000 0.00029072856401171919
28453.12500000000000000000 0.00029732472570200295
28500.00000000000000000000 0.00030400760568946892
28546.87500000000000000000 0.00031077779508225409
28593.75000000000000000000 0.00031763589439166607
28640.62500000000000000000 0.00032458251367094347
28687.50000000000000000000 0.00033161827259422854
28734.37500000000000000000 0.00033874380062810816
28781.25000000000000000000 0.00034595973712601058
28828.12500000000000000000 0.00035326673148431250
28875.00000000000000000000 0.00036066544324637301
28921.87500000000000000000 0.00036815654224899269
28968.75000000000000000000 0.00037574070876308496
29015.62500000000000000000 0.00038341863363048614
29062.50000000000000000000 0.00039119101840076408
29109.37500000000000000000 0.00039905857547380840
29156.25000000000000000000 0.00040702202825977488
29203.12500000000000000000 0.00041508211133131260
29250.00000000000000000000 0.00042323957054685938
29296.87500000000000000000 0.00043149516324721875
29343.75000000000000000000 0.00043984965838463443
29390.62500000000000000000 0.00044830383671164641
29437.50000000000000000000 0.00045685849091208597
29484.37500000000000000000 0.00046551442580728205
29531.25000000000000000000 0.00047427245849476302
29578.12500000000000000000 0.00048313341856024030
29625.00000000000000000000 0.00049209814822208809
29671.87500000000000000000 0.00050116750253367630
29718.75000000000000000000 0.00051034234955484134
29765.62500000000000000000 0.00051962357057349544
29812.50000000000000000000 0.00052901206025201869
29859.37500000000000000000 0.00053850872686814319
29906.25000000000000000000 0.00054811449248062197
29953.12500000000000000000 0.00055783029317010347
30000.00000000000000000000 0.00056765707920864773
30046.87500000000000000000 0.00057759581531409052
30093.75000000000000000000 0.00058764748083690464
30140.62500000000000000000 0.00059781306999527020
30187.50000000000000000000 0.00060809359209470875
30234.37500000000000000000 0.00061849007176699889
30281.25000000000000000000 0.00062900354920715658
30328.12500000000000000000 0.00063963508039883792
30375.00000000000000000000 0.00065038573737445031
30421.87500000000000000000 0.00066125660845982813
30468.75000000000000000000 0.00067224879852083080
30515.62500000000000000000 0.00068336342924464610
30562.50000000000000000000 0.00069460163937673340
30609.37500000000000000000 0.00070596458501368344
30656.25000000000000000000 0.00071745343987293132
30703.12500000000000000000 0.00072906939557210268
30750.00000000000000000000 0.00074081366191799535
30796.87500000000000000000 0.00075268746719555279
30843.75000000000000000000 0.00076469205847418651
30890.62500000000000000000 0.00077682870191216047
30937.50000000000000000000 0.00078909868305325329
30984.37500000000000000000 0.00080150330716776731
31031.25000000000000000000 0.00081404389957231375
31078.12500000000000000000 0.00082672180594380485
31125.00000000000000000000 0.00083953839266814683
31171.87500000000000000000 0.00085249504718892485
31218.75000000000000000000 0.00086559317836186131
31265.62500000000000000000 0.00087883421680155110
31312.50000000000000000000 0.00089221961524939752
31359.37500000000000000000 0.00090575084896660956
31406.25000000000000000000 0.00091942941609632865
31453.12500000000000000000 0.00093325683807395825
31500.00000000000000000000 0.00094723465999891026
31546.87500000000000000000 0.00096136445106226385
31593.75000000000000000000 0.00097564780495705691
31640.62500000000000000000 0.00099008634030784597
31687.50000000000000000000 0.00100468170108868483
31734.37500000000000000000 0.00101943555708736773
31781.25000000000000000000 0.00103434960434073452
31828.12500000000000000000 0.00104942556560852929
31875.00000000000000000000 0.00106466519082795480
31921.87500000000000000000 0.00108007025761835788
31968.75000000000000000000 0.00109564257175310577
32015.62500000000000000000 0.00111138396768737822
32062.50000000000000000000 0.00112729630904350982
32109.37500000000000000000 0.00114338148915417350
32156.25000000000000000000 0.00115964143159011011
32203.12500000000000000000 0.00117607809073412800
32250.00000000000000000000 0.00119269345228758443
32296.87500000000000000000 0.00120948953390605045
32343.75000000000000000000 0.00122646838573853387
32390.62500000000000000000 0.00124363209106310296
32437.50000000000000000000 0.00126098276685306055
32484.37500000000000000000 0.00127852256444337814
32531.25000000000000000000 0.00129625367015274648
32578.12500000000000000000 0.00131417830595188518
32625.00000000000000000000 0.00133229873009904696
32671.87500000000000000000 0.00135061723785841171
32718.75000000000000000000 0.00136913616218952913
32765.62500000000000000000 0.00138785787445216209
32812.50000000000000000000 0.00140678478514580894
32859.37500000000000000000 0.00142591934465498304
32906.25000000000000000000 0.00144526404401952840
32953.12500000000000000000 0.00146482141572418776
33000.00000000000000000000 0.00148459403446692703
33046.87500000000000000000 0.00150458451801978354
33093.75000000000000000000 0.00152479552804340134
33140.62500000000000000000 0.00154522977095359476
33187.50000000000000000000 0.00156588999879172944
33234.37500000000000000000 0.00158677901012784948
33281.25000000000000000000 0.00160789965098304404
33328.12500000000000000000 0.00162925481578455591
33375.00000000000000000000 0.00165084744828613845
33421.87500000000000000000 0.00167268054260792144
33468.75000000000000000000 0.00169475714420874008
33515.62500000000000000000 0.00171708035093940965
33562.50000000000000000000 0.00173965331409787387
33609.37500000000000000000 0.00176247923951130224
33656.25000000000000000000 0.00178556138864320113
33703.12500000000000000000 0.00180890307976024870
33750.00000000000000000000 0.00183250768905472228
33796.87500000000000000000 0.00185637865186520992
33843.75000000000000000000 0.00188051946390304704
33890.62500000000000000000 0.00190493368248833054
33937.50000000000000000000 0.00192962492785143372
33984.37500000000000000000 0.00195459688444601714
34031.25000000000000000000 0.00197985330228897353
34078.12500000000000000000 0.00200539799835428500
34125.00000000000000000000 0.00203123485798223846
34171.87500000000000000000 0.00205736783635026253
34218.75000000000000000000 0.00208380095993211971
34265.62500000000000000000 0.00211053832805920862
34312.50000000000000000000 0.00213758411446635880
34359.37500000000000000000 0.00216494256890116272
34406.25000000000000000000 0.00219261801877757402
34453.12500000000000000000 0.00222061487087374778
34500.00000000000000000000 0.00224893761303557576
34546.87500000000000000000 0.00227759081598809601
34593.75000000000000000000 0.00230657913514486536
34640.62500000000000000000 0.00233590731249628094
34687.50000000000000000000 0.00236558017849007249
34734.37500000000000000000 0.00239560265406593394
34781.25000000000000000000 0.00242597975260904234
34828.12500000000000000000 0.00245671658211555309
34875.00000000000000000000 0.00248781834722877583
34921.87500000000000000000 0.00251929035149308896
34968.75000000000000000000 0.00255113799959807638
35015.62500000000000000000 0.00258336679966493510
35062.50000000000000000000 0.00261598236563298156
35109.37500000000000000000 0.00264899041968843585
35156.25000000000000000000 0.00268239679478171275
35203.12500000000000000000 0.00271620743719276072
35250.00000000000000000000 0.00275042840915212198
35296.87500000000000000000 0.00278506589160064117
35343.75000000000000000000 0.00282012618692969227
35390.62500000000000000000 0.00285561572188509395
35437.50000000000000000000 0.00289154105049587926
35484.37500000000000000000 0.00292790885712239249
35531.25000000000000000000 0.00296472595954656989
35578.12500000000000000000 0.00300199931221237790
35625.00000000000000000000 0.00303973600946986448
35671.87500000000000000000 0.00307794328902717598
35718.75000000000000000000 0.00311662853538689257
35765.62500000000000000000 0.00315579928344211086
35812.50000000000000000000 0.00319546322219177448
35859.37500000000000000000 0.00323562819851161724
35906.25000000000000000000 0.00327630222106361493
35953.12500000000000000000 0.00331749346434970487
36000.00000000000000000000 0.00335921027279024011
36046.87500000000000000000 0.00340146116506428575
36093.75000000000000000000 0.00344425483842834747
36140.62500000000000000000 0.00348760017329306175
36187.50000000000000000000 0.00353150623783032944
36234.37500000000000000000 0.00357598229280175605
36281.25000000000000000000 0.00362103779649075629
36328.12500000000000000000 0.00366668240977687833
36375.00000000000000000000 0.00371292600141208276
36421.87500000000000000000 0.00375977865338714351
36468.75000000000000000000 0.00380725066653273426
36515.62500000000000000000 0.00385535256625686197
36562.50000000000000000000 0.00390409510845909653
36609.37500000000000000000 0.00395348928563701071
36656.25000000000000000000 0.00400354633320020980
36703.12500000000000000000 0.00405427773594566662
36750.00000000000000000000 0.00410569523476950627
36796.87500000000000000000 0.00415781083359016007
36843.75000000000000000000 0.00421063680646164250
36890.62500000000000000000 0.00426418570495980948
36937.50000000000000000000 0.00431847036576446172
36984.37500000000000000000 0.00437350391852013316
37031.25000000000000000000 0.00442929979394469497
37078.12500000000000000000 0.00448587173217801852
37125.00000000000000000000 0.00454323379144582797
37171.87500000000000000000 0.00460140035696545140
37218.75000000000000000000 0.00466038615019365339
37265.62500000000000000000 0.00472020623836446381
37312.50000000000000000000 0.00478087604429572929
37359.37500000000000000000 0.00484241135663397715
37406.25000000000000000000 0.00490482834035053591
37453.12500000000000000000 0.00496814354763344158
37500.00000000000000000000 0.00503237392915191657
37546.87500000000000000000 0.00509753684570876837
37593.75000000000000000000 0.00516365008028066026
37640.62500000000000000000 0.00523073185051938904
37687.50000000000000000000 0.00529880082161195750
37734.37500000000000000000 0.00536787611966317493
37781.25000000000000000000 0.00543797734554866442
37828.12500000000000000000 0.00550912458920540648
37875.00000000000000000000 0.00558133844447344755
37921.87500000000000000000 0.00565464002448286956
37968.75000000000000000000 0.00572905097754929614
38015.62500000000000000000 0.00580459350368575568
38062.50000000000000000000 0.00588129037170956152
38109.37500000000000000000 0.00595916493696143062
38156.25000000000000000000 0.00603824115968488052
38203.12500000000000000000 0.00611854362411394168
38250.00000000000000000000 0.00620009755821891891
38296.87500000000000000000 0.00628292885425456131
38343.75000000000000000000 0.00636706409003534850
38390.62500000000000000000 0.00645253055104749122
38437.50000000000000000000 0.00653935625337824424
38484.37500000000000000000 0.00662756996756248482
38531.25000000000000000000 0.00671720124332131005
38578.12500000000000000000 0.00680828043527526797
38625.00000000000000000000 0.00690083872964162084
38671.87500000000000000000 0.00699490817202521285
38718.75000000000000000000 0.00709052169624868958
38765.62500000000000000000 0.00718771315439909776
38812.50000000000000000000 0.00728651734800570341
38859.37500000000000000000 0.00738697006053565947
38906.25000000000000000000 0.00748910809115702677
38953.12500000000000000000 0.00759296928992873096
39000.00000000000000000000 0.00769859259437847589
39046.87500000000000000000 0.00780601806764357701
39093.75000000000000000000 0.00791528693814336562
39140.62500000000000000000 0.00802644164098697925
39187.50000000000000000000 0.00813952586101769453
39234.37500000000000000000 0.00825458457779579095
39281.25000000000000000000 0.00837166411239986460
39328.12500000000000000000 0.00849081217631379205
39375.00000000000000000000 0.00861207792235434144
39421.87500000000000000000 0.00873551199788533475
39468.75000000000000000000 0.00886116660029638396
39515.62500000000000000000 0.00898909553498621061
39562.50000000000000000000 0.00911935427584772626
39609.37500000000000000000 0.00925200002851213690
39656.25000000000000000000 0.00938709179643381318
39703.12500000000000000000 0.00952469044993824523
39750.00000000000000000000 0.00966485879841870628
39796.87500000000000000000 0.00980766166587115212
39843.75000000000000000000 0.00995316596991819257
39890.62500000000000000000 0.01010144080450756619
39937.50000000000000000000 0.01025255752645887197
39984.37500000000000000000 0.01040658984616324098
40031.25000000000000000000 0.01056361392253235554
40078.12500000000000000000 0.01072370846255516277
40125.00000000000000000000 0.01088695482560278829
40171.87500000000000000000 0.01105343713286271665
40218.75000000000000000000 0.01122324238210022952
40265.62500000000000000000 0.01139646056809316167
40312.50000000000000000000 0.01157318480907042896
40359.37500000000000000000 0.01175351147946724142
40406.25000000000000000000 0.01193754034941173041
40453.12500000000000000000 0.01212537473130165765
40500.00000000000000000000 0.01231712163388340615
40546.87500000000000000000 0.01251289192432808624
40593.75000000000000000000 0.01271280049874907829
40640.62500000000000000000 0.01291696646167819935
40687.50000000000000000000 0.01312551331501148229
40734.37500000000000000000 0.01333856915712769951
40781.25000000000000000000 0.01355626689265117778
40828.12500000000000000000 0.01377874445363613462
40875.00000000000000000000 0.01400614503287216268
40921.87500000000000000000 0.01423861733002137510
40968.75000000000000000000 0.01447631581153009141
41015.62500000000000000000 0.01471940098507997646
41062.50000000000000000000 0.01496803968959883879
41109.37500000000000000000 0.01522240540186580587
41156.25000000000000000000 0.01548267856074644205
41203.12500000000000000000 0.01574904691035035678
41250.00000000000000000000 0.01602170586324469861
41296.87500000000000000000 0.01630085888522721585
41343.75000000000000000000 0.01658671790308787614
41390.62500000000000000000 0.01687950373692507014
41437.50000000000000000000 0.01717944655881548099
41484.37500000000000000000 0.01748678637962698332
41531.25000000000000000000 0.01780177356604858291
41578.12500000000000000000 0.01812466938999946278
41625.00000000000000000000 0.01845574661270349068
41671.87500000000000000000 0.01879529010615722459
41718.75000000000000000000 0.01914359751456409103
41765.62500000000000000000 0.01950097995888292954
41812.50000000000000000000 0.01986776278768131315
41859.37500000000000000000 0.02024428637788933810
41906.25000000000000000000 0.02063090698927530497
41953.12500000000000000000 0.02102799767686336710
42000.00000000000000000000 0.02143594926584712484
42046.87500000000000000000 0.02185517139403705608
42093.75000000000000000000 0.02228609362721959558
42140.62500000000000000000 0.02272916665344155984
42187.50000000000000000000 0.02318486356264476064
42234.37500000000000000000 0.02365368121887244726
42281.25000000000000000000 0.02413614173272199404
42328.12500000000000000000 0.02463279404266584954
42375.00000000000000000000 0.02514421561462369323
42421.87500000000000000000 0.02567101427001412112
42468.75000000000000000000 0.02621383015371108252
42515.62500000000000000000 0.02677333785431463761
42562.50000000000000000000 0.02735024869049423879
42609.37500000000000000000 0.02794531317860358272
42656.25000000000000000000 0.02855932369828573930
42703.12500000000000000000 0.02919311737460731498
42750.00000000000000000000 0.02984757919724844236
42796.87500000000000000000 0.03052364539946772828
42843.75000000000000000000 0.03122230712210048026
42890.62500000000000000000 0.03194461439059584351
42937.50000000000000000000 0.03269168043636418858
42984.37500000000000000000 0.03346468639712178728
43031.25000000000000000000 0.03426488643510749998
43078.12500000000000000000 0.03509361331644268028
43125.00000000000000000000 0.03595228450015370419
43171.87500000000000000000 0.03684240879122914480
43218.75000000000000000000 0.03776559361858029817
43265.62500000000000000000 0.03872355300655826171
43312.50000000000000000000 0.03971811631703782430
43359.37500000000000000000 0.04075123784917097230
43406.25000000000000000000 0.04182500739486175872
43453.12500000000000000000 0.04294166186130449897
43500.00000000000000000000 0.04410359808622724143
43546.87500000000000000000 0.04531338698910942347
43593.75000000000000000000 0.04657378922075069982
43640.62500000000000000000 0.04788777249663510316
43687.50000000000000000000 0.04925853082561466867
43734.37500000000000000000 0.05068950587608537367
43781.25000000000000000000 0.05218441075713470961
43828.12500000000000000000 0.05374725653363366523
43875.00000000000000000000 0.05538238184243220175
43921.87500000000000000000 0.05709448603352999807
43968.75000000000000000000 0.05888866632642029281
44015.62500000000000000000 0.06077045955014126477
44062.50000000000000000000 0.06274588912787645856
44109.37500000000000000000 0.06482151807630789908
44156.25000000000000000000 0.06700450891977817458
44203.12500000000000000000 0.06930269157381155343
44250.00000000000000000000 0.07172464043719460614
44296.87500000000000000000 0.07427976215311139774
44343.75000000000000000000 0.07697839576546977591
44390.62500000000000000000 0.07983192731745511472
44437.50000000000000000000 0.08285292132724214609
44484.37500000000000000000 0.08605527204721399870
44531.25000000000000000000 0.08945437798760841330
44578.12500000000000000000 0.09306734388866017005
44625.00000000000000000000 0.09691321518917805911
44671.87500000000000000000 0.10101325110538154906
44718.75000000000000000000 0.10539124375390931942
44765.62500000000000000000 0.11007389239608425524
44812.50000000000000000000 0.11509124393373224016
44859.37500000000000000000 0.12047721336599628850
44906.25000000000000000000 0.12627020117040169134
44953.12500000000000000000 0.13251382869845590440
45000.00000000000000000000 0.13925781793615304993
45046.87500000000000000000 0.14655904872077707424
45093.75000000000000000000 0.15448283518962291350
45140.62500000000000000000 0.16310447448754566979
45187.50000000000000000000 0.17251113541857743261
45234.37500000000000000000 0.18280417393399198134
45281.25000000000000000000 0.19410198766097522260
45328.12500000000000000000 0.20654355522402984002
45375.00000000000000000000 0.22029285082249078220
45421.87500000000000000000 0.23554438443372169298
45468.75000000000000000000 0.25253019866459247567
45515.62500000000000000000 0.27152876230129574520
45562.50000000000000000000 0.29287634841469489810
45609.37500000000000000000 0.31698168545640054150
45656.25000000000000000000 0.34434494142768334868
45703.12500000000000000000 0.37558246660115063298
45750.00000000000000000000 0.41145920446549605343
45796.87500000000000000000 0.45293130330449293819
45843.75000000000000000000 0.50120221499361505835
45890.62500000000000000000 0.55779636437942281546
45937.50000000000000000000 0.62465500914988469905
45984.37500000000000000000 0.70425835946206938321
46031.25000000000000000000 0.79977432690957528383
46078.12500000000000000000 0.91522253791190721905
46125.00000000000000000000 1.05561135962271546163
46171.87500000000000000000 1.22693158349356301606
46218.75000000000000000000 1.43572542318000073713
46265.62500000000000000000 1.68761686472240057810
46312.50000000000000000000 1.98363915574193394598
46359.37500000000000000000 2.31272958622676982898
46406.25000000000000000000 2.64005448202143000458
46453.12500000000000000000 2.89799470030344075155
46500.00000000000000000000 3.00000000000041122661
46546.87500000000000000000 2.89174245380659655780
46593.75000000000000000000 2.59918940955524480074
46640.62500000000000000000 2.21002707326372416219
46687.50000000000000000000 1.81181017493673013341
46734.37500000000000000000 1.45616536977156751931
46781.25000000000000000000 1.16084461727131094122
46828.12500000000000000000 0.92451996425438776050
46875.00000000000000000000 0.73847087770801844719
46921.87500000000000000000 0.59266666401075684956
46968.75000000000000000000 0.47816923411449302472
47015.62500000000000000000 0.38775569960460748442
47062.50000000000000000000 0.31583899721425945373
47109.37500000000000000000 0.25817951006575334816
47156.25000000000000000000 0.21158112772547491010
47203.12500000000000000000 0.17363367472700561023
47250.00000000000000000000 0.14251220700799940855
47296.87500000000000000000 0.11682644155609600567
47343.75000000000000000000 0.09550970903685226943
47390.62500000000000000000 0.07773756787066850305
47437.50000000000000000000 0.06286817566305406835
47484.37500000000000000000 0.05039846781110522700
47531.25000000000000000000 0.03993179501620043592
47578.12500000000000000000 0.03115388575626836659
47625.00000000000000000000 0.02381488709281318755
47671.87500000000000000000 0.01771587435140112993
47718.75000000000000000000 0.01269867452541968179
47765.62500000000000000000 0.00863817193082081630
47812.50000000000000000000 0.00543649606073545386
47859.37500000000000000000 0.00301865823152420694
47906.25000000000000000000 0.00132932493114126002
47953.12500000000000000000 0.00033050553141577080
