0.00000000000000000000 -0.00000000000003085848
46.87500000000000000000 0.00297182735613369959
93.75000000000000000000 0.01192000994035241970
140.62500000000000000000 0.02694257272466021869
187.50000000000000000000 0.04820258306286545613
234.37500000000000000000 0.07592750230203126893
281.25000000000000000000 0.11040789060478338468
328.12500000000000000000 0.15199504661756912949
375.00000000000000000000 0.20109700144514264242
421.87500000000000000000 0.25817209594104728598
468.75000000000000000000 0.32371915156851827078
515.62500000000000000000 0.39826300500132355564
562.50000000000000000000 0.48233393375304833839
609.37500000000000000000 0.57643929086969381004
656.25000000000000000000 0.68102555345491411209
703.12500000000000000000 0.79642906971676308281
750.00000000000000000000 0.92281420176405404288
796.87500000000000000000 1.06009848920585825205
843.75000000000000000000 1.20786611359248419184
890.62500000000000000000 1.36527352485477959654
937.50000000000000000000 1.53095469776834103293
984.37500000000000000000 1.70293797512088818102
1031.25000000000000000000 1.87859123971700503475
1078.12500000000000000000 2.05461601296606843903
1125.00000000000000000000 2.22711206040876597001
1171.87500000000000000000 2.39172980449013206083
1218.75000000000000000000 2.54391631505000503921
1265.62500000000000000000 2.67924173478207094945
1312.50000000000000000000 2.79376995370382363859
1359.37500000000000000000 2.88441724101580110329
1406.25000000000000000000 2.94923429342542897658
1453.12500000000000000000 2.98755715328465942804
1500.00000000000000000000 3.00000000000000888178
1546.87500000000000000000 2.98829900855958729977
1593.75000000000000000000 2.95504815100161755126
1640.62500000000000000000 2.90338446068469924199
1687.50000000000000000000 2.83667891984140707606
1734.37500000000000000000 2.75827435280027710718
1781.25000000000000000000 2.67129167522122301648
1828.12500000000000000000 2.57850779666618645791
1875.00000000000000000000 2.48229627466193925045
1921.87500000000000000000 2.38461601357699670700
1968.75000000000000000000 2.28703243600257666301
2015.62500000000000000000 2.19075759335741349076
2062.50000000000000000000 2.09669889139216047980
2109.37500000000000000000 2.00550935860640677788
2156.25000000000000000000 1.91763511905592975992
2203.12500000000000000000 1.83335777221229401235
2250.00000000000000000000 1.75283077157423639036
2296.87500000000000000000 1.67610975877128032252
2343.75000000000000000000 1.60317729448085044552
2390.62500000000000000000 1.53396265670871145836
2437.50000000000000000000 1.46835744687221891880
2484.37500000000000000000 1.40622772243680005388
2531.25000000000000000000 1.34742330637037044383
2578.12500000000000000000 1.29178483625961559866
2625.00000000000000000000 1.23914902579850716435
2671.87500000000000000000 1.18935252715591888162
2718.75000000000000000000 1.14223470840069318832
2765.62500000000000000000 1.09763959690316603712
2812.50000000000000000000 1.05541718712871235297
2859.37500000000000000000 1.01542426844513222761
2906.25000000000000000000 0.97752489415286192287
2953.12500000000000000000 0.94159058555864250106
3000.00000000000000000000 0.90750034329064610539
3046.87500000000000000000 0.87514052109381035294
3093.75000000000000000000 0.84440460411410955821
3140.62500000000000000000 0.81519292340699256449
3187.50000000000000000000 0.78741233046153236153
3234.37500000000000000000 0.76097584941243245904
3281.25000000000000000000 0.73580231991732802932
3328.12500000000000000000 0.71181604008882226609
3375.00000000000000000000 0.68894641614111207240
3421.87500000000000000000 0.66712762334482289539
3468.75000000000000000000 0.64629828132913558214
3515.62500000000000000000 0.62640114560873827454
3562.50000000000000000000 0.60738281635375712675
3609.37500000000000000000 0.58919346479196188504
3656.25000000000000000000 0.57178657717933456528
3703.12500000000000000000 0.55511871595574002747
3750.00000000000000000000 0.53914929748355056027
3796.87500000000000000000 0.52384038562413548501
3843.75000000000000000000 0.50915650032046511075
3890.62500000000000000000 0.49506444030911211929
3937.50000000000000000000 0.48153311907048790275
3984.37500000000000000000 0.46853341313327612205
4031.25000000000000000000 0.45603802187151704084
4078.12500000000000000000 0.44402133796583986847
4125.00000000000000000000 0.43245932773966649920
4171.87500000000000000000 0.42132942062488465407
4218.75000000000000000000 0.41061040705679391349
4265.62500000000000000000 0.40028234414402752428
4312.50000000000000000000 0.39032646850433455610
4359.37500000000000000000 0.38072511570115180612
4406.25000000000000000000 0.37146164575782580908
4453.12500000000000000000 0.36252037426644523332
4500.00000000000000000000 0.35388650864586318479
4546.87500000000000000000 0.34554608913868833930
4593.75000000000000000000 0.33748593417007266559
4640.62500000000000000000 0.32969358972147710940
4687.50000000000000000000 0.32215728240098073787
4734.37500000000000000000 0.31486587591778630868
4781.25000000000000000000 0.30780883069255193796
4828.12500000000000000000 0.30097616635744900426
4875.00000000000000000000 0.29435842691991448428
4921.87500000000000000000 0.28794664838309275146
4968.75000000000000000000 0.28173232863263281134
5015.62500000000000000000 0.27570739941546290597
5062.50000000000000000000 0.26986420025044932647
5109.37500000000000000000 0.26419545412384332073
5156.25000000000000000000 0.25869424483462211128
5203.12500000000000000000 0.25335399586564022467
5250.00000000000000000000 0.24816845066673279274
5296.87500000000000000000 0.24313165424493940470
5343.75000000000000000000 0.23823793596561410046
5390.62500000000000000000 0.23348189347571976504
5437.50000000000000000000 0.22885837766776928603
5484.37500000000000000000 0.22436247860933283826
5531.25000000000000000000 0.21998951236880703863
5578.12500000000000000000 0.21573500867378658796
5625.00000000000000000000 0.21159469934309815820
5671.87500000000000000000 0.20756450743825219374
5718.75000000000000000000 0.20364053708425922107
5765.62500000000000000000 0.19981906391344977925
5812.50000000000000000000 0.19609652608955263631
5859.37500000000000000000 0.19246951587255878291
5906.25000000000000000000 0.18893477168766978358
5953.12500000000000000000 0.18548917066455464231
6000.00000000000000000000 0.18212972161559734530
6046.87500000000000000000 0.17885355842394337622
6093.75000000000000000000 0.17565793381460634293
6140.62500000000000000000 0.17254021348347872711
6187.50000000000000000000 0.16949787056122178619
6234.37500000000000000000 0.16652848039039824801
6281.25000000000000000000 0.16362971559590389070
6328.12500000000000000000 0.16079934143020063742
6375.00000000000000000000 0.15803521137586179490
6421.87500000000000000000 0.15533526298961114476
6468.75000000000000000000 0.15269751397271214000
6515.62500000000000000000 0.15012005845384443492
6562.50000000000000000000 0.14760106347147838868
6609.37500000000000000000 0.14513876564364169841
6656.25000000000000000000 0.14273146801379285598
6703.12500000000000000000 0.14037753706225034045
6750.00000000000000000000 0.13807539987337780207
6796.87500000000000000000 0.13582354144930841588
6843.75000000000000000000 0.13362050216163293137
6890.62500000000000000000 0.13146487533306075446
6937.50000000000000000000 0.12935530494149363734
6984.37500000000000000000 0.12729048343951515632
7031.25000000000000000000 0.12526914968275124074
7078.12500000000000000000 0.12329008696088923636
7125.00000000000000000000 0.12135212112563156794
7171.87500000000000000000 0.11945411881012087119
7218.75000000000000000000 0.11759498573485932527
7265.62500000000000000000 0.11577366509524893157
7312.50000000000000000000 0.11398913602632887443
7359.37500000000000000000 0.11224041214061362959
7406.25000000000000000000 0.11052654013488572016
7453.12500000000000000000 0.10884659846243466275
7500.00000000000000000000 0.10719969606717276445
7546.87500000000000000000 0.10558497117630574746
7593.75000000000000000000 0.10400159014862236928
7640.62500000000000000000 0.10244874637532618011
7687.50000000000000000000 0.10092565923080848433
7734.37500000000000000000 0.09943157307074874940
7781.25000000000000000000 0.09796575627508027906
7828.12500000000000000000 0.09652750033359676352
7875.00000000000000000000 0.09511611897199712118
7921.87500000000000000000 0.09373094731633843657
7968.75000000000000000000 0.09237134109404651627
8015.62500000000000000000 0.09103667586951579016
8062.50000000000000000000 0.08972634631277795481
8109.37500000000000000000 0.08843976549948315280
8156.25000000000000000000 0.08717636424069838408
8203.12500000000000000000 0.08593559044111055700
8250.00000000000000000000 0.08471690848425225684
8296.87500000000000000000 0.08351979864340106086
8343.75000000000000000000 0.08234375651704302357
8390.62500000000000000000 0.08118829248760910111
8437.50000000000000000000 0.08005293120249251659
8484.37500000000000000000 0.07893721107626472389
8531.25000000000000000000 0.07784068381305904449
8578.12500000000000000000 0.07676291394830848935
8625.00000000000000000000 0.07570347840881735957
8671.87500000000000000000 0.07466196609039024712
8718.75000000000000000000 0.07363797745226399738
8765.62500000000000000000 0.07263112412748394531
8812.50000000000000000000 0.07164102854857996860
8859.37500000000000000000 0.07066732358787650159
8906.25000000000000000000 0.06970965221167080283
8953.12500000000000000000 0.06876766714781890055
9000.00000000000000000000 0.06784103056604999515
9046.87500000000000000000 0.06692941377043683249
9093.75000000000000000000 0.06603249690358302393
9140.62500000000000000000 0.06514996866192217240
9187.50000000000000000000 0.06428152602170864038
9234.37500000000000000000 0.06342687397526319826
9281.25000000000000000000 0.06258572527692765619
9328.12500000000000000000 0.06175780019849903824
9375.00000000000000000000 0.06094282629354062092
9421.87500000000000000000 0.06014053817036231486
9468.75000000000000000000 0.05935067727322804881
9515.62500000000000000000 0.05857299167146137742
9562.50000000000000000000 0.05780723585612887461
9609.37500000000000000000 0.05705317054401444488
9656.25000000000000000000 0.05631056248854114654
9703.12500000000000000000 0.05557918429738795130
9750.00000000000000000000 0.05485881425653656857
9796.87500000000000000000 0.05414923616046742744
9843.75000000000000000000 0.05345023914829181294
9890.62500000000000000000 0.05276161754553011091
9937.50000000000000000000 0.05208317071139265120
9984.37500000000000000000 0.05141470289126980758
10031.25000000000000000000 0.05075602307425007564
10078.12500000000000000000 0.05010694485554238048
10125.00000000000000000000 0.04946728630344753019
10171.87500000000000000000 0.04883686983091686112
10218.75000000000000000000 0.04821552207132512313
10265.62500000000000000000 0.04760307375843281924
10312.50000000000000000000 0.04699935961030069637
10359.37500000000000000000 0.04640421821705398298
10406.25000000000000000000 0.04581749193232709932
10453.12500000000000000000 0.04523902676823803037
10500.00000000000000000000 0.04466867229383149340
10546.87500000000000000000 0.04410628153671485030
10593.75000000000000000000 0.04355171088799215939
10640.62500000000000000000 0.04300482001012179145
10687.50000000000000000000 0.04246547174780061079
10734.37500000000000000000 0.04193353204164340653
10781.25000000000000000000 0.04140886984460098730
10828.12500000000000000000 0.04089135704101937857
10875.00000000000000000000 0.04038086836820038716
10921.87500000000000000000 0.03987728134045222250
10968.75000000000000000000 0.03938047617549175067
11015.62500000000000000000 0.03889033572308310538
11062.50000000000000000000 0.03840674539592162789
11109.37500000000000000000 0.03792959310261684314
11156.25000000000000000000 0.03745876918270058670
11203.12500000000000000000 0.03699416634364222772
11250.00000000000000000000 0.03653567959974887008
11296.87500000000000000000 0.03608320621290533187
11343.75000000000000000000 0.03563664563508910088
11390.62500000000000000000 0.03519589945262245612
11437.50000000000000000000 0.03476087133203730611
11484.37500000000000000000 0.03433146696759713234
11531.25000000000000000000 0.03390759403031301522
11578.12500000000000000000 0.03348916211848846497
11625.00000000000000000000 0.03307608270970070763
11671.87500000000000000000 0.03266826911415699614
11718.75000000000000000000 0.03226563642944486887
11765.62500000000000000000 0.03186810149655712465
11812.50000000000000000000 0.03147558285716606924
11859.37500000000000000000 0.03108800071217169073
11906.25000000000000000000 0.03070527688137149325
11953.12500000000000000000 0.03032733476431485886
12000.00000000000000000000 0.02995409930225295669
12046.87500000000000000000 0.02958549694113545014
12093.75000000000000000000 0.02922145559568992829
12140.62500000000000000000 0.02886190461445441863
12187.50000000000000000000 0.02850677474583140220
12234.37500000000000000000 0.02815599810503180075
12281.25000000000000000000 0.02780950814195409793
12328.12500000000000000000 0.02746723960997658059
12375.00000000000000000000 0.02712912853553285306
12421.87500000000000000000 0.02679511218856956214
12468.75000000000000000000 0.02646512905381610825
12515.62500000000000000000 0.02613911880275751262
12562.50000000000000000000 0.02581702226645160581
12609.37500000000000000000 0.02549878140902019780
12656.25000000000000000000 0.02518433930186293052
12703.12500000000000000000 0.02487364009855807731
12750.00000000000000000000 0.02456662901041817976
12796.87500000000000000000 0.02426325228272618179
12843.75000000000000000000 0.02396345717154885202
12890.62500000000000000000 0.02366719192118761292
12937.50000000000000000000 0.02337440574220977368
12984.37500000000000000000 0.02308504879006438235
13031.25000000000000000000 0.02279907214422182207
13078.12500000000000000000 0.02251642778787984328
13125.00000000000000000000 0.02223706858820388710
13171.87500000000000000000 0.02196094827700014601
13218.75000000000000000000 0.02168802143199689142
13265.62500000000000000000 0.02141824345850557032
13312.50000000000000000000 0.02115157057157358855
13359.37500000000000000000 0.02088795977861964553
13406.25000000000000000000 0.02062736886247494225
13453.12500000000000000000 0.02036975636483838448
13500.00000000000000000000 0.02011508157020190299
13546.87500000000000000000 0.01986330449008841953
13593.75000000000000000000 0.01961438584778367814
13640.62500000000000000000 0.01936828706334094152
13687.50000000000000000000 0.01912497023904166649
13734.37500000000000000000 0.01888439814517004628
13781.25000000000000000000 0.01864653420612666715
13828.12500000000000000000 0.01841134248692584061
13875.00000000000000000000 0.01817878767996719200
13921.87500000000000000000 0.01794883509215863815
13968.75000000000000000000 0.01772145063235450527
14015.62500000000000000000 0.01749660079908397364
14062.50000000000000000000 0.01727425266854883124
14109.37500000000000000000 0.01705437388297746659
14156.25000000000000000000 0.01683693263917349428
14203.12500000000000000000 0.01662189767739597965
14250.00000000000000000000 0.01640923827049052888
14296.87500000000000000000 0.01619892421322909060
14343.75000000000000000000 0.01599092581197803647
14390.62500000000000000000 0.01578521387456176261
14437.50000000000000000000 0.01558175970035095489
14484.37500000000000000000 0.01538053507061410211
14531.25000000000000000000 0.01518151223907466922
14578.12500000000000000000 0.01498466392270488869
14625.00000000000000000000 0.01478996329269660626
14671.87500000000000000000 0.01459738396566323537
14718.75000000000000000000 0.01440689999505369648
14765.62500000000000000000 0.01421848586274764015
14812.50000000000000000000 0.01403211647080897934
14859.37500000000000000000 0.01384776713352108869
14906.25000000000000000000 0.01366541356948039465
14953.12500000000000000000 0.01348503189396607800
15000.00000000000000000000 0.01330659861144154951
15046.87500000000000000000 0.01313009060818780965
15093.75000000000000000000 0.01295548514520743384
15140.62500000000000000000 0.01278275985114508267
15187.50000000000000000000 0.01261189271549810476
15234.37500000000000000000 0.01244286208188614788
15281.25000000000000000000 0.01227564664149553494
15328.12500000000000000000 0.01211022542670028151
15375.00000000000000000000 0.01194657780478097786
15421.87500000000000000000 0.01178468347178195964
15468.75000000000000000000 0.01162452244654545858
15515.62500000000000000000 0.01146607506482449218
15562.50000000000000000000 0.01130932197354201675
15609.37500000000000000000 0.01115424412520216874
15656.25000000000000000000 0.01100082277236699713
15703.12500000000000000000 0.01084903946230275640
15750.00000000000000000000 0.01069887603171489586
15796.87500000000000000000 0.01055031460157954820
15843.75000000000000000000 0.01040333757215436417
15890.62500000000000000000 0.01025792761798963865
15937.50000000000000000000 0.01011406768314584113
15984.37500000000000000000 0.00997174097645006641
16031.25000000000000000000 0.00983093096686078402
16078.12500000000000000000 0.00969162137897364682
16125.00000000000000000000 0.00955379618855866503
16171.87500000000000000000 0.00941743961822310779
16218.75000000000000000000 0.00928253613318868846
16265.62500000000000000000 0.00914907043708862791
16312.50000000000000000000 0.00901702746793106580
16359.37500000000000000000 0.00888639239407473108
16406.25000000000000000000 0.00875715061035756484
16453.12500000000000000000 0.00862928773423381028
16500.00000000000000000000 0.00850278960205448631
16546.87500000000000000000 0.00837764226536412242
16593.75000000000000000000 0.00825383198733514040
16640.62500000000000000000 0.00813134523921857019
16687.50000000000000000000 0.00801016869690936509
16734.37500000000000000000 0.00789028923754928925
16781.25000000000000000000 0.00777169393622520466
16828.12500000000000000000 0.00765437006272232448
16875.00000000000000000000 0.00753830507832281473
16921.87500000000000000000 0.00742348663271531675
16968.75000000000000000000 0.00730990256092865082
17015.62500000000000000000 0.00719754088032639044
17062.50000000000000000000 0.00708638978768542493
17109.37500000000000000000 0.00697643765632962980
17156.25000000000000000000 0.00686767303328978361
17203.12500000000000000000 0.00676008463654752603
17250.00000000000000000000 0.00665366135233836069
17296.87500000000000000000 0.00654839223248673743
17343.75000000000000000000 0.00644426649180404425
17390.62500000000000000000 0.00634127350554763037
17437.50000000000000000000 0.00623940280690232253
17484.37500000000000000000 0.00613864408455189452
17531.25000000000000000000 0.00603898718024995125
17578.12500000000000000000 0.00594042208648851069
17625.00000000000000000000 0.00584293894416216836
17671.87500000000000000000 0.00574652804031843944
17718.75000000000000000000 0.00565117980594225921
17765.62500000000000000000 0.00555688481375344288
17812.50000000000000000000 0.00546363377608267021
17859.37500000000000000000 0.00537141754279130482
17906.25000000000000000000 0.00528022709919264473
17953.12500000000000000000 0.00519005356404212206
18000.00000000000000000000 0.00510088818757712531
18046.87500000000000000000 0.00501272234955255080
18093.75000000000000000000 0.00492554755737035100
18140.62500000000000000000 0.00483935544417976159
18187.50000000000000000000 0.00475413776707734378
18234.37500000000000000000 0.00466988640530084567
18281.25000000000000000000 0.00458659335846122850
18328.12500000000000000000 0.00450425074484177811
18375.00000000000000000000 0.00442285079967371774
18421.87500000000000000000 0.00434238587348663961
18468.75000000000000000000 0.00426284843050099126
18515.62500000000000000000 0.00418423104698938553
18562.50000000000000000000 0.00410652640973395260
18609.37500000000000000000 0.00402972731449494342
18656.25000000000000000000 0.00395382666446552396
18703.12500000000000000000 0.00387881746883998822
18750.00000000000000000000 0.00380469284131228604
18796.87500000000000000000 0.00373144599868605866
18843.75000000000000000000 0.00365907025946319219
18890.62500000000000000000 0.00358755904245907677
18937.50000000000000000000 0.00351690586549278667
18984.37500000000000000000 0.00344710434401915245
19031.25000000000000000000 0.00337814818987047490
19078.12500000000000000000 0.00331003120996327784
19125.00000000000000000000 0.00324274730507615166
19171.87500000000000000000 0.00317629046858494517
19218.75000000000000000000 0.00311065478529990109
19265.62500000000000000000 0.00304583443028136423
19312.50000000000000000000 0.00298182366766297068
19359.37500000000000000000 0.00291861684953246929
19406.25000000000000000000 0.00285620841482774838
19453.12500000000000000000 0.00279459288823073618
19500.00000000000000000000 0.00273376487910543739
19546.87500000000000000000 0.00267371908043192563
19593.75000000000000000000 0.00261445026780761976
19640.62500000000000000000 0.00255595329840403035
19687.50000000000000000000 0.00249822310999080980
19734.37500000000000000000 0.00244125471995769103
19781.25000000000000000000 0.00238504322436710724
19828.12500000000000000000 0.00232958379701049198
19875.00000000000000000000 0.00227487168849527461
19921.87500000000000000000 0.00222090222534134050
19968.75000000000000000000 0.00216767080909662695
20015.62500000000000000000 0.00211517291546991365
20062.50000000000000000000 0.00206340409349238182
20109.37500000000000000000 0.00201235996467132071
20156.25000000000000000000 0.00196203622217453345
20203.12500000000000000000 0.00191242863003389450
20250.00000000000000000000 0.00186353302236418224
20296.87500000000000000000 0.00181534530257600754
20343.75000000000000000000 0.00176786144263680364
20390.62500000000000000000 0.00172107748232976977
20437.50000000000000000000 0.00167498952850882741
20484.37500000000000000000 0.00162959375441516069
20531.25000000000000000000 0.00158488639895507100
20578.12500000000000000000 0.00154086376603941849
20625.00000000000000000000 0.00149752222389402771
20671.87500000000000000000 0.00145485820441240048
20718.75000000000000000000 0.00141286820251024996
20765.62500000000000000000 0.00137154877550499333
20812.50000000000000000000 0.00133089654247393148
20859.37500000000000000000 0.00129090818368945504
20906.25000000000000000000 0.00125158043998666079
20953.12500000000000000000 0.00121291011220607688
21000.00000000000000000000 0.00117489406063242996
21046.87500000000000000000 0.00113752920440054160
21093.75000000000000000000 0.00110081252101297284
21140.62500000000000000000 0.00106474104575345150
21187.50000000000000000000 0.00102931187118891049
21234.37500000000000000000 0.00099452214665987399
21281.25000000000000000000 0.00096036907777268497
21328.12500000000000000000 0.00092684992593793168
21375.00000000000000000000 0.00089396200784708192
21421.87500000000000000000 0.00086170269505510245
21468.75000000000000000000 0.00083006941349357587
21515.62500000000000000000 0.00079905964304737812
21562.50000000000000000000 0.00076867091708499838
21609.37500000000000000000 0.00073890082207942191
21656.25000000000000000000 0.00070974699715951699
21703.12500000000000000000 0.00068120713371920202
21750.00000000000000000000 0.00065327897502268756
21796.87500000000000000000 0.00062596031580000697
21843.75000000000000000000 0.00059924900190997537
21890.62500000000000000000 0.00057314292993365841
21937.50000000000000000000 0.00054764004683141392
21984.37500000000000000000 0.00052273834960951454
22031.25000000000000000000 0.00049843588494813483
22078.12500000000000000000 0.00047473074891027638
22125.00000000000000000000 0.00045162108659277416
22171.87500000000000000000 0.00042910509182160088
22218.75000000000000000000 0.00040718100684325427
22265.62500000000000000000 0.00038584712204694344
22312.50000000000000000000 0.00036510177564814700
22359.37500000000000000000 0.00034494335344925717
22406.25000000000000000000 0.00032537028852109705
22453.12500000000000000000 0.00030638106099624109
22500.00000000000000000000 0.00028797419777356611
22546.87500000000000000000 0.00027014827228253626
22593.75000000000000000000 0.00025290190425514893
22640.62500000000000000000 0.00023623375949782997
22687.50000000000000000000 0.00022014254964977680
22734.37500000000000000000 0.00020462703199718136
22781.25000000000000000000 0.00018968600924304470
22828.12500000000000000000 0.00017531832933672994
22875.00000000000000000000 0.00016152288524560785
22921.87500000000000000000 0.00014829861480187032
22968.75000000000000000000 0.00013564450052615360
23015.62500000000000000000 0.00012355956944725666
23062.50000000000000000000 0.00011204289294881394
23109.37500000000000000000 0.00010109358661206501
23156.25000000000000000000 0.00009071081008172208
23203.12500000000000000000 0.00008089376691057736
23250.00000000000000000000 0.00007164170444649555
23296.87500000000000000000 0.00006295391370393309
23343.75000000000000000000 0.00005482972923155563
23390.62500000000000000000 0.00004726852903188553
23437.50000000000000000000 0.00004026973443654689
23484.37500000000000000000 0.00003383281001232579
23531.25000000000000000000 0.00002795726349997471
23578.12500000000000000000 0.00002264264570090093
23625.00000000000000000000 0.00001788855042745775
23671.87500000000000000000 0.00001369461440690608
23718.75000000000000000000 0.00001006051726440870
23765.62500000000000000000 0.00000698598145005175
23812.50000000000000000000 0.00000447077215810999
23859.37500000000000000000 0.00000251469736198967
23906.25000000000000000000 0.00000111760772955339
23953.12500000000000000000 0.00000027939659819198
24000.00000000000000000000 0.00000000000000192865
24046.87500000000000000000 0.00000027939659819198
24093.75000000000000000000 0.00000111760772762474
24140.62500000000000000000 0.00000251469736391832
24187.50000000000000000000 0.00000447077215810999
24234.37500000000000000000 0.00000698598145005175
24281.25000000000000000000 0.00001006051726440870
24328.12500000000000000000 0.00001369461440690608
24375.00000000000000000000 0.00001788855042745775
24421.87500000000000000000 0.00002264264570090093
24468.75000000000000000000 0.00002795726349997471
24515.62500000000000000000 0.00003383281001232579
24562.50000000000000000000 0.00004026973443654689
24609.37500000000000000000 0.00004726852903188553
24656.25000000000000000000 0.00005482972923155563
24703.12500000000000000000 0.00006295391370393309
24750.00000000000000000000 0.00007164170444649555
24796.87500000000000000000 0.00008089376691057736
24843.75000000000000000000 0.00009071081008172208
24890.62500000000000000000 0.00010109358661206501
24937.50000000000000000000 0.00011204289294881394
24984.37500000000000000000 0.00012355956944725666
25031.25000000000000000000 0.00013564450052615360
25078.12500000000000000000 0.00014829861480187032
25125.00000000000000000000 0.00016152288524560785
25171.87500000000000000000 0.00017531832933672994
25218.75000000000000000000 0.00018968600924304470
25265.62500000000000000000 0.00020462703199718136
25312.50000000000000000000 0.00022014254964977680
25359.37500000000000000000 0.00023623375949782997
25406.25000000000000000000 0.00025290190425514893
25453.12500000000000000000 0.00027014827228253626
25500.00000000000000000000 0.00028797419777356611
25546.87500000000000000000 0.00030638106099624109
25593.75000000000000000000 0.00032537028852495421
25640.62500000000000000000 0.00034494335344925717
25687.50000000000000000000 0.00036510177564814700
25734.37500000000000000000 0.00038584712204694344
25781.25000000000000000000 0.00040718100684325427
25828.12500000000000000000 0.00042910509182160088
25875.00000000000000000000 0.00045162108659277416
25921.87500000000000000000 0.00047473074891027638
25968.75000000000000000000 0.00049843588494813483
26015.62500000000000000000 0.00052273834960951454
26062.50000000000000000000 0.00054764004683141392
26109.37500000000000000000 0.00057314292993365841
26156.25000000000000000000 0.00059924900190997537
26203.12500000000000000000 0.00062596031580000697
26250.00000000000000000000 0.00065327897502268756
26296.87500000000000000000 0.00068120713371920202
26343.75000000000000000000 0.00070974699715951699
26390.62500000000000000000 0.00073890082207942191
26437.50000000000000000000 0.00076867091708499838
26484.37500000000000000000 0.00079905964304737812
26531.25000000000000000000 0.00083006941349357587
26578.12500000000000000000 0.00086170269505510245
26625.00000000000000000000 0.00089396200784901028
26671.87500000000000000000 0.00092684992593793168
26718.75000000000000000000 0.00096036907777268497
26765.62500000000000000000 0.00099452214665987399
26812.50000000000000000000 0.00102931187118891049
26859.37500000000000000000 0.00106474104575345150
26906.25000000000000000000 0.00110081252101297284
26953.12500000000000000000 0.00113752920440054160
27000.00000000000000000000 0.00117489406063242996
27046.87500000000000000000 0.00121291011220607688
27093.75000000000000000000 0.00125158043998666079
27140.62500000000000000000 0.00129090818368945504
27187.50000000000000000000 0.00133089654247393148
27234.37500000000000000000 0.00137154877550499333
27281.25000000000000000000 0.00141286820251024996
27328.12500000000000000000 0.00145485820441240048
27375.00000000000000000000 0.00149752222389595607
27421.87500000000000000000 0.00154086376603941849
27468.75000000000000000000 0.00158488639895507100
27515.62500000000000000000 0.00162959375441516069
27562.50000000000000000000 0.00167498952850882741
27609.37500000000000000000 0.00172107748232976977
27656.25000000000000000000 0.00176786144263680364
27703.12500000000000000000 0.00181534530257600754
27750.00000000000000000000 0.00186353302236418224
27796.87500000000000000000 0.00191242863003389450
27843.75000000000000000000 0.00196203622217453345
27890.62500000000000000000 0.00201235996467132071
27937.50000000000000000000 0.00206340409349238182
27984.37500000000000000000 0.00211517291546991365
28031.25000000000000000000 0.00216767080909662695
28078.12500000000000000000 0.00222090222534134050
28125.00000000000000000000 0.00227487168849527461
28171.87500000000000000000 0.00232958379701049198
28218.75000000000000000000 0.00238504322436517910
28265.62500000000000000000 0.00244125471995769103
28312.50000000000000000000 0.00249822310999080980
28359.37500000000000000000 0.00255595329840403035
28406.25000000000000000000 0.00261445026780954791
28453.12500000000000000000 0.00267371908043192563
28500.00000000000000000000 0.00273376487910543739
28546.87500000000000000000 0.00279459288823073618
28593.75000000000000000000 0.00285620841482967609
28640.62500000000000000000 0.00291861684953246929
28687.50000000000000000000 0.00298182366766297068
28734.37500000000000000000 0.00304583443028136423
28781.25000000000000000000 0.00311065478530182880
28828.12500000000000000000 0.00317629046858494517
28875.00000000000000000000 0.00324274730507615166
28921.87500000000000000000 0.00331003120996327784
28968.75000000000000000000 0.00337814818987047490
29015.62500000000000000000 0.00344710434401915245
29062.50000000000000000000 0.00351690586549278667
29109.37500000000000000000 0.00358755904245907677
29156.25000000000000000000 0.00365907025946319219
29203.12500000000000000000 0.00373144599868413095
29250.00000000000000000000 0.00380469284131228604
29296.87500000000000000000 0.00387881746883998822
29343.75000000000000000000 0.00395382666446552396
29390.62500000000000000000 0.00402972731449494342
29437.50000000000000000000 0.00410652640973395260
29484.37500000000000000000 0.00418423104698938553
29531.25000000000000000000 0.00426284843050099126
29578.12500000000000000000 0.00434238587348663961
29625.00000000000000000000 0.00442285079967371774
29671.87500000000000000000 0.00450425074484177811
29718.75000000000000000000 0.00458659335846122850
29765.62500000000000000000 0.00466988640530084567
29812.50000000000000000000 0.00475413776707734378
29859.37500000000000000000 0.00483935544417976159
29906.25000000000000000000 0.00492554755737035100
29953.12500000000000000000 0.00501272234955255080
30000.00000000000000000000 0.00510088818757712531
30046.87500000000000000000 0.00519005356404212206
30093.75000000000000000000 0.00528022709919264473
30140.62500000000000000000 0.00537141754279130482
30187.50000000000000000000 0.00546363377608267021
30234.37500000000000000000 0.00555688481375344288
30281.25000000000000000000 0.00565117980594225921
30328.12500000000000000000 0.00574652804031843944
30375.00000000000000000000 0.00584293894416216836
30421.87500000000000000000 0.00594042208648851069
30468.75000000000000000000 0.00603898718024995125
30515.62500000000000000000 0.00613864408455189452
30562.50000000000000000000 0.00623940280690232253
30609.37500000000000000000 0.00634127350554763037
30656.25000000000000000000 0.00644426649180404425
30703.12500000000000000000 0.00654839223248673743
30750.00000000000000000000 0.00665366135233836069
30796.87500000000000000000 0.00676008463654752603
30843.75000000000000000000 0.00686767303328978361
30890.62500000000000000000 0.00697643765632962980
30937.50000000000000000000 0.00708638978768542493
30984.37500000000000000000 0.00719754088032639044
31031.25000000000000000000 0.00730990256092865082
31078.12500000000000000000 0.00742348663271531675
31125.00000000000000000000 0.00753830507832281473
31171.87500000000000000000 0.00765437006272232448
31218.75000000000000000000 0.00777169393622520466
31265.62500000000000000000 0.00789028923754928925
31312.50000000000000000000 0.00801016869690936509
31359.37500000000000000000 0.00813134523921857019
31406.25000000000000000000 0.00825383198733514040
31453.12500000000000000000 0.00837764226536412242
31500.00000000000000000000 0.00850278960205448631
31546.87500000000000000000 0.00862928773423381028
31593.75000000000000000000 0.00875715061035563756
31640.62500000000000000000 0.00888639239407473108
31687.50000000000000000000 0.00901702746793106580
31734.37500000000000000000 0.00914907043708862791
31781.25000000000000000000 0.00928253613318676118
31828.12500000000000000000 0.00941743961822310779
31875.00000000000000000000 0.00955379618855866503
31921.87500000000000000000 0.00969162137897364682
31968.75000000000000000000 0.00983093096686078402
32015.62500000000000000000 0.00997174097645006641
32062.50000000000000000000 0.01011406768314584113
32109.37500000000000000000 0.01025792761798963865
32156.25000000000000000000 0.01040333757215436417
32203.12500000000000000000 0.01055031460157954820
32250.00000000000000000000 0.01069887603171489586
32296.87500000000000000000 0.01084903946230468194
32343.75000000000000000000 0.01100082277236699713
32390.62500000000000000000 0.01115424412520216874
32437.50000000000000000000 0.01130932197354201675
32484.37500000000000000000 0.01146607506482449218
32531.25000000000000000000 0.01162452244654545858
32578.12500000000000000000 0.01178468347178195964
32625.00000000000000000000 0.01194657780477904885
32671.87500000000000000000 0.01211022542670028151
32718.75000000000000000000 0.01227564664149553494
32765.62500000000000000000 0.01244286208188614788
32812.50000000000000000000 0.01261189271549810476
32859.37500000000000000000 0.01278275985114508267
32906.25000000000000000000 0.01295548514520743384
32953.12500000000000000000 0.01313009060818780965
33000.00000000000000000000 0.01330659861144154951
33046.87500000000000000000 0.01348503189396607800
33093.75000000000000000000 0.01366541356948039465
33140.62500000000000000000 0.01384776713352108869
33187.50000000000000000000 0.01403211647080897934
33234.37500000000000000000 0.01421848586274764015
33281.25000000000000000000 0.01440689999505369648
33328.12500000000000000000 0.01459738396566131156
33375.00000000000000000000 0.01478996329269467724
33421.87500000000000000000 0.01498466392270488869
33468.75000000000000000000 0.01518151223907466922
33515.62500000000000000000 0.01538053507061410211
33562.50000000000000000000 0.01558175970034902935
33609.37500000000000000000 0.01578521387456176261
33656.25000000000000000000 0.01599092581197803647
33703.12500000000000000000 0.01619892421322909060
33750.00000000000000000000 0.01640923827049052888
33796.87500000000000000000 0.01662189767739597965
33843.75000000000000000000 0.01683693263917349428
33890.62500000000000000000 0.01705437388297746659
33937.50000000000000000000 0.01727425266854883124
33984.37500000000000000000 0.01749660079908397364
34031.25000000000000000000 0.01772145063235450527
34078.12500000000000000000 0.01794883509215863815
34125.00000000000000000000 0.01817878767996719200
34171.87500000000000000000 0.01841134248692584061
34218.75000000000000000000 0.01864653420612666715
34265.62500000000000000000 0.01888439814517004628
34312.50000000000000000000 0.01912497023903974441
34359.37500000000000000000 0.01936828706334094152
34406.25000000000000000000 0.01961438584778175259
34453.12500000000000000000 0.01986330449008841953
34500.00000000000000000000 0.02011508157020190299
34546.87500000000000000000 0.02036975636483838448
34593.75000000000000000000 0.02062736886247494225
34640.62500000000000000000 0.02088795977861964553
34687.50000000000000000000 0.02115157057157358855
34734.37500000000000000000 0.02141824345850557032
34781.25000000000000000000 0.02168802143199689142
34828.12500000000000000000 0.02196094827700014601
34875.00000000000000000000 0.02223706858820388710
34921.87500000000000000000 0.02251642778787984328
34968.75000000000000000000 0.02279907214422182207
35015.62500000000000000000 0.02308504879006438235
35062.50000000000000000000 0.02337440574220977368
35109.37500000000000000000 0.02366719192118761292
35156.25000000000000000000 0.02396345717154885202
35203.12500000000000000000 0.02426325228272618179
35250.00000000000000000000 0.02456662901041817976
35296.87500000000000000000 0.02487364009855807731
35343.75000000000000000000 0.02518433930186293052
35390.62500000000000000000 0.02549878140902019780
35437.50000000000000000000 0.02581702226645160581
35484.37500000000000000000 0.02613911880275751262
35531.25000000000000000000 0.02646512905381610825
35578.12500000000000000000 0.02679511218856956214
35625.00000000000000000000 0.02712912853553285306
35671.87500000000000000000 0.02746723960997658059
35718.75000000000000000000 0.02780950814195409793
35765.62500000000000000000 0.02815599810503180075
35812.50000000000000000000 0.02850677474583140220
35859.37500000000000000000 0.02886190461445441863
35906.25000000000000000000 0.02922145559568992829
35953.12500000000000000000 0.02958549694113545014
36000.00000000000000000000 0.02995409930225295669
36046.87500000000000000000 0.03032733476431485886
36093.75000000000000000000 0.03070527688137149325
36140.62500000000000000000 0.03108800071217169073
36187.50000000000000000000 0.03147558285716606924
36234.37500000000000000000 0.03186810149655712465
36281.25000000000000000000 0.03226563642944486887
36328.12500000000000000000 0.03266826911415699614
36375.00000000000000000000 0.03307608270970070763
36421.87500000000000000000 0.03348916211848846497
36468.75000000000000000000 0.03390759403031301522
36515.62500000000000000000 0.03433146696759713234
36562.50000000000000000000 0.03476087133203730611
36609.37500000000000000000 0.03519589945262245612
36656.25000000000000000000 0.03563664563508910088
36703.12500000000000000000 0.03608320621290533187
36750.00000000000000000000 0.03653567959974887008
36796.87500000000000000000 0.03699416634364222772
36843.75000000000000000000 0.03745876918270058670
36890.62500000000000000000 0.03792959310261684314
36937.50000000000000000000 0.03840674539592162789
36984.37500000000000000000 0.03889033572308310538
37031.25000000000000000000 0.03938047617549175067
37078.12500000000000000000 0.03987728134045222250
37125.00000000000000000000 0.04038086836820038716
37171.87500000000000000000 0.04089135704101937857
37218.75000000000000000000 0.04140886984460098730
37265.62500000000000000000 0.04193353204164340653
37312.50000000000000000000 0.04246547174780061079
37359.37500000000000000000 0.04300482001012179145
37406.25000000000000000000 0.04355171088799215939
37453.12500000000000000000 0.04410628153671485030
37500.00000000000000000000 0.04466867229383149340
37546.87500000000000000000 0.04523902676823803037
37593.75000000000000000000 0.04581749193232902140
37640.62500000000000000000 0.04640421821705398298
37687.50000000000000000000 0.04699935961029877429
37734.37500000000000000000 0.04760307375843281924
37781.25000000000000000000 0.04821552207132512313
37828.12500000000000000000 0.04883686983091686112
37875.00000000000000000000 0.04946728630344753019
37921.87500000000000000000 0.05010694485554238048
37968.75000000000000000000 0.05075602307425007564
38015.62500000000000000000 0.05141470289126980758
38062.50000000000000000000 0.05208317071139265120
38109.37500000000000000000 0.05276161754553011091
38156.25000000000000000000 0.05345023914829181294
38203.12500000000000000000 0.05414923616046742744
38250.00000000000000000000 0.05485881425653656857
38296.87500000000000000000 0.05557918429738795130
38343.75000000000000000000 0.05631056248854114654
38390.62500000000000000000 0.05705317054401444488
38437.50000000000000000000 0.05780723585612695947
38484.37500000000000000000 0.05857299167146137742
38531.25000000000000000000 0.05935067727322804881
38578.12500000000000000000 0.06014053817036231486
38625.00000000000000000000 0.06094282629354444425
38671.87500000000000000000 0.06175780019849711616
38718.75000000000000000000 0.06258572527692765619
38765.62500000000000000000 0.06342687397526319826
38812.50000000000000000000 0.06428152602170864038
38859.37500000000000000000 0.06514996866192217240
38906.25000000000000000000 0.06603249690358302393
38953.12500000000000000000 0.06692941377043683249
39000.00000000000000000000 0.06784103056604999515
39046.87500000000000000000 0.06876766714781890055
39093.75000000000000000000 0.06970965221167080283
39140.62500000000000000000 0.07066732358787650159
39187.50000000000000000000 0.07164102854857996860
39234.37500000000000000000 0.07263112412748394531
39281.25000000000000000000 0.07363797745226399738
39328.12500000000000000000 0.07466196609039024712
39375.00000000000000000000 0.07570347840881926083
39421.87500000000000000000 0.07676291394830848935
39468.75000000000000000000 0.07784068381305904449
39515.62500000000000000000 0.07893721107626472389
39562.50000000000000000000 0.08005293120249251659
39609.37500000000000000000 0.08118829248760910111
39656.25000000000000000000 0.08234375651704302357
39703.12500000000000000000 0.08351979864340296211
39750.00000000000000000000 0.08471690848425225684
39796.87500000000000000000 0.08593559044111055700
39843.75000000000000000000 0.08717636424069838408
39890.62500000000000000000 0.08843976549948315280
39937.50000000000000000000 0.08972634631277795481
39984.37500000000000000000 0.09103667586951579016
40031.25000000000000000000 0.09237134109404651627
40078.12500000000000000000 0.09373094731633843657
40125.00000000000000000000 0.09511611897199712118
40171.87500000000000000000 0.09652750033359676352
40218.75000000000000000000 0.09796575627508220807
40265.62500000000000000000 0.09943157307074874940
40312.50000000000000000000 0.10092565923080848433
40359.37500000000000000000 0.10244874637532618011
40406.25000000000000000000 0.10400159014862428442
40453.12500000000000000000 0.10558497117630574746
40500.00000000000000000000 0.10719969606717276445
40546.87500000000000000000 0.10884659846243466275
40593.75000000000000000000 0.11052654013488572016
40640.62500000000000000000 0.11224041214061362959
40687.50000000000000000000 0.11398913602632887443
40734.37500000000000000000 0.11577366509524893157
40781.25000000000000000000 0.11759498573485932527
40828.12500000000000000000 0.11945411881012087119
40875.00000000000000000000 0.12135212112563156794
40921.87500000000000000000 0.12329008696088923636
40968.75000000000000000000 0.12526914968275124074
41015.62500000000000000000 0.12729048343951515632
41062.50000000000000000000 0.12935530494149363734
41109.37500000000000000000 0.13146487533306075446
41156.25000000000000000000 0.13362050216163293137
41203.12500000000000000000 0.13582354144930841588
41250.00000000000000000000 0.13807539987337780207
41296.87500000000000000000 0.14037753706225034045
41343.75000000000000000000 0.14273146801379285598
41390.62500000000000000000 0.14513876564364169841
41437.50000000000000000000 0.14760106347147838868
41484.37500000000000000000 0.15012005845384443492
41531.25000000000000000000 0.15269751397271214000
41578.12500000000000000000 0.15533526298961114476
41625.00000000000000000000 0.15803521137586179490
41671.87500000000000000000 0.16079934143020063742
41718.75000000000000000000 0.16362971559590389070
41765.62500000000000000000 0.16652848039039824801
41812.50000000000000000000 0.16949787056122178619
41859.37500000000000000000 0.17254021348347872711
41906.25000000000000000000 0.17565793381460634293
41953.12500000000000000000 0.17885355842394337622
42000.00000000000000000000 0.18212972161559734530
42046.87500000000000000000 0.18548917066455464231
42093.75000000000000000000 0.18893477168766978358
42140.62500000000000000000 0.19246951587255878291
42187.50000000000000000000 0.19609652608955263631
42234.37500000000000000000 0.19981906391344977925
42281.25000000000000000000 0.20364053708425922107
42328.12500000000000000000 0.20756450743825219374
42375.00000000000000000000 0.21159469934309815820
42421.87500000000000000000 0.21573500867378658796
42468.75000000000000000000 0.21998951236880703863
42515.62500000000000000000 0.22436247860933283826
42562.50000000000000000000 0.22885837766776928603
42609.37500000000000000000 0.23348189347571976504
42656.25000000000000000000 0.23823793596561410046
42703.12500000000000000000 0.24313165424493940470
42750.00000000000000000000 0.24816845066673279274
42796.87500000000000000000 0.25335399586563833729
42843.75000000000000000000 0.25869424483462211128
42890.62500000000000000000 0.26419545412384332073
42937.50000000000000000000 0.26986420025044932647
42984.37500000000000000000 0.27570739941546290597
43031.25000000000000000000 0.28173232863263281134
43078.12500000000000000000 0.28794664838309275146
43125.00000000000000000000 0.29435842691991448428
43171.87500000000000000000 0.30097616635744900426
43218.75000000000000000000 0.30780883069255382534
43265.62500000000000000000 0.31486587591778630868
43312.50000000000000000000 0.32215728240098073787
43359.37500000000000000000 0.32969358972147710940
43406.25000000000000000000 0.33748593417007455297
43453.12500000000000000000 0.34554608913868833930
43500.00000000000000000000 0.35388650864586318479
43546.87500000000000000000 0.36252037426644523332
43593.75000000000000000000 0.37146164575782397721
43640.62500000000000000000 0.38072511570115180612
43687.50000000000000000000 0.39032646850433455610
43734.37500000000000000000 0.40028234414402752428
43781.25000000000000000000 0.41061040705679574536
43828.12500000000000000000 0.42132942062488465407
43875.00000000000000000000 0.43245932773966649920
43921.87500000000000000000 0.44402133796583986847
43968.75000000000000000000 0.45603802187151704084
44015.62500000000000000000 0.46853341313327612205
44062.50000000000000000000 0.48153311907048790275
44109.37500000000000000000 0.49506444030911211929
44156.25000000000000000000 0.50915650032046511075
44203.12500000000000000000 0.52384038562413548501
44250.00000000000000000000 0.53914929748355056027
44296.87500000000000000000 0.55511871595574002747
44343.75000000000000000000 0.57178657717933456528
44390.62500000000000000000 0.58919346479196188504
44437.50000000000000000000 0.60738281635375712675
44484.37500000000000000000 0.62640114560873827454
44531.25000000000000000000 0.64629828132913558214
44578.12500000000000000000 0.66712762334482289539
44625.00000000000000000000 0.68894641614111029604
44671.87500000000000000000 0.71181604008882226609
44718.75000000000000000000 0.73580231991732802932
44765.62500000000000000000 0.76097584941243245904
44812.50000000000000000000 0.78741233046153236153
44859.37500000000000000000 0.81519292340699256449
44906.25000000000000000000 0.84440460411410955821
44953.12500000000000000000 0.87514052109381035294
45000.00000000000000000000 0.90750034329064610539
45046.87500000000000000000 0.94159058555864250106
45093.75000000000000000000 0.97752489415286192287
45140.62500000000000000000 1.01542426844513222761
45187.50000000000000000000 1.05541718712871235297
45234.37500000000000000000 1.09763959690316603712
45281.25000000000000000000 1.14223470840069318832
45328.12500000000000000000 1.18935252715591888162
45375.00000000000000000000 1.23914902579850538800
45421.87500000000000000000 1.29178483625961559866
45468.75000000000000000000 1.34742330637037044383
45515.62500000000000000000 1.40622772243680005388
45562.50000000000000000000 1.46835744687221891880
45609.37500000000000000000 1.53396265670871145836
45656.25000000000000000000 1.60317729448085044552
45703.12500000000000000000 1.67610975877128032252
45750.00000000000000000000 1.75283077157423639036
45796.87500000000000000000 1.83335777221229401235
45843.75000000000000000000 1.91763511905592975992
45890.62500000000000000000 2.00550935860640677788
45937.50000000000000000000 2.09669889139216047980
45984.37500000000000000000 2.19075759335741349076
46031.25000000000000000000 2.28703243600257666301
46078.12500000000000000000 2.38461601357699670700
46125.00000000000000000000 2.48229627466193925045
46171.87500000000000000000 2.57850779666618645791
46218.75000000000000000000 2.67129167522122301648
46265.62500000000000000000 2.75827435280027710718
46312.50000000000000000000 2.83667891984140707606
46359.37500000000000000000 2.90338446068469924199
46406.25000000000000000000 2.95504815100161755126
46453.12500000000000000000 2.98829900855958729977
46500.00000000000000000000 3.00000000000000888178
46546.87500000000000000000 2.98755715328465942804
46593.75000000000000000000 2.94923429342542897658
46640.62500000000000000000 2.88441724101580110329
46687.50000000000000000000 2.79376995370382363859
46734.37500000000000000000 2.67924173478207094945
46781.25000000000000000000 2.54391631505000503921
46828.12500000000000000000 2.39172980449013206083
46875.00000000000000000000 2.22711206040876597001
46921.87500000000000000000 2.05461601296606843903
46968.75000000000000000000 1.87859123971700503475
47015.62500000000000000000 1.70293797512088818102
47062.50000000000000000000 1.53095469776834103293
47109.37500000000000000000 1.36527352485477959654
47156.25000000000000000000 1.20786611359248419184
47203.12500000000000000000 1.06009848920585825205
47250.00000000000000000000 0.92281420176405404288
47296.87500000000000000000 0.79642906971676308281
47343.75000000000000000000 0.68102555345491411209
47390.62500000000000000000 0.57643929086969381004
47437.50000000000000000000 0.48233393375304833839
47484.37500000000000000000 0.39826300500132355564
47531.25000000000000000000 0.32371915156851827078
47578.12500000000000000000 0.25817209594104728598
47625.00000000000000000000 0.20109700144514264242
47671.87500000000000000000 0.15199504661756912949
47718.75000000000000000000 0.11040789060478338468
47765.62500000000000000000 0.07592750230203126893
47812.50000000000000000000 0.04820258306286545613
47859.37500000000000000000 0.02694257272466214076
47906.25000000000000000000 0.01192000994035049416
47953.12500000000000000000 0.00297182735613369959
