0.00000000000000000000 0.00000000000001542924
46.87500000000000000000 0.00074353101680290539
93.75000000000000000000 0.00298926016339128887
140.62500000000000000000 0.00678311391791624856
187.50000000000000000000 0.01220338882790604138
234.37500000000000000000 0.01936346939264298878
281.25000000000000000000 0.02841581644223750702
328.12500000000000000000 0.03955742064005306202
375.00000000000000000000 0.05303698736796615132
421.87500000000000000000 0.06916420236269529842
468.75000000000000000000 0.08832152307442639461
515.62500000000000000000 0.11097904718503151522
562.50000000000000000000 0.13771311984810863382
609.37500000000000000000 0.16922943670043796849
656.25000000000000000000 0.20639144098646972081
703.12500000000000000000 0.25025472103876555963
750.00000000000000000000 0.30210773754672570757
796.87500000000000000000 0.36351826918463947536
843.75000000000000000000 0.43638296059210607281
890.62500000000000000000 0.52297342592908468983
937.50000000000000000000 0.62596508604242862006
984.37500000000000000000 0.74842213895374598565
1031.25000000000000000000 0.89369094467170739904
1078.12500000000000000000 1.06512213457820781315
1125.00000000000000000000 1.26550035266738158946
1171.87500000000000000000 1.49602440623127530550
1218.75000000000000000000 1.75469642918851764790
1265.62500000000000000000 2.03414905023683134644
1312.50000000000000000000 2.31941463551387583308
1359.37500000000000000000 2.58696772446694689407
1406.25000000000000000000 2.80708577478134735372
1453.12500000000000000000 2.95086363264006479312
1500.00000000000000000000 3.00000000000000444089
1546.87500000000000000000 2.95375804308230893724
1593.75000000000000000000 2.82819817645034365938
1640.62500000000000000000 2.64862876703274396917
1687.50000000000000000000 2.44080983305571574959
1734.37500000000000000000 2.22537037714751040340
1781.25000000000000000000 2.01616976732186703458
1828.12500000000000000000 1.82111189305441278918
1875.00000000000000000000 1.64379923051054510630
1921.87500000000000000000 1.48510824335923774520
1968.75000000000000000000 1.34437034587269232944
2015.62500000000000000000 1.22015049374379902503
2062.50000000000000000000 1.11071744184463483407
2109.37500000000000000000 1.01430694257814479897
2156.25000000000000000000 0.92925645802884548896
2203.12500000000000000000 0.85406461090302454586
2250.00000000000000000000 0.78740882820994395619
2296.87500000000000000000 0.72814119615186734258
2343.75000000000000000000 0.67527404991740203055
2390.62500000000000000000 0.62796168390668172243
2437.50000000000000000000 0.58548155640825794155
2484.37500000000000000000 0.54721664442031625608
2531.25000000000000000000 0.51263965122353938320
2578.12500000000000000000 0.48129925973024179076
2625.00000000000000000000 0.45280836720387473981
2671.87500000000000000000 0.42683411980026225718
2718.75000000000000000000 0.40308952404904907496
2765.62500000000000000000 0.38132641022792701513
2812.50000000000000000000 0.36132953910692244825
2859.37500000000000000000 0.34291166758532437564
2906.25000000000000000000 0.32590941442897314317
2953.12500000000000000000 0.31017979173714343988
3000.00000000000000000000 0.29559728965566073322
3046.87500000000000000000 0.28205142081304679369
3093.75000000000000000000 0.26944464703821463525
3140.62500000000000000000 0.25769062437732537241
3187.50000000000000000000 0.24671271359425761549
3234.37500000000000000000 0.23644271255450599600
3281.25000000000000000000 0.22681977447158108152
3328.12500000000000000000 0.21778948221898625226
3375.00000000000000000000 0.20930305401763285578
3421.87500000000000000000 0.20131666000100770231
3468.75000000000000000000 0.19379083260361124053
3515.62500000000000000000 0.18668995655110209864
3562.50000000000000000000 0.17998182656388334033
3609.37500000000000000000 0.17363726281229410753
3656.25000000000000000000 0.16762977575462129076
3703.12500000000000000000 0.16193527330990162283
3750.00000000000000000000 0.15653180441457245631
3796.87500000000000000000 0.15139933392600762874
3843.75000000000000000000 0.14651954459843105627
3890.62500000000000000000 0.14187566249542596375
3937.50000000000000000000 0.13745230273834410650
3984.37500000000000000000 0.13323533294036743468
4031.25000000000000000000 0.12921175205539317532
4078.12500000000000000000 0.12536958269160092261
4125.00000000000000000000 0.12169777521108812723
4171.87500000000000000000 0.11818612216759644129
4218.75000000000000000000 0.11482518183027232150
4265.62500000000000000000 0.11160620970895074322
4312.50000000000000000000 0.10852109713918230149
4359.37500000000000000000 0.10556231610775797247
4406.25000000000000000000 0.10272286960460172422
4453.12500000000000000000 0.09999624687723515648
4500.00000000000000000000 0.09737638304201685913
4546.87500000000000000000 0.09485762257362974348
4593.75000000000000000000 0.09243468625239137371
4640.62500000000000000000 0.09010264119982364095
4687.50000000000000000000 0.08785687367623784549
4734.37500000000000000000 0.08569306435280032996
4781.25000000000000000000 0.08360716580346407023
4828.12500000000000000000 0.08159538199138657855
4875.00000000000000000000 0.07965414954978222717
4921.87500000000000000000 0.07778012067962024323
4968.75000000000000000000 0.07597014750585323606
5015.62500000000000000000 0.07422126775147362687
5062.50000000000000000000 0.07253069160337052845
5109.37500000000000000000 0.07089578965773377095
5156.25000000000000000000 0.06931408184435750020
5203.12500000000000000000 0.06778322723961971441
5250.00000000000000000000 0.06630101468727554737
5296.87500000000000000000 0.06486535415436600616
5343.75000000000000000000 0.06347426875675592217
5390.62500000000000000000 0.06212588739550144873
5437.50000000000000000000 0.06081843795078968606
5484.37500000000000000000 0.05955024098553373529
5531.25000000000000000000 0.05831970391527867975
5578.12500000000000000000 0.05712531560505469674
5625.00000000000000000000 0.05596564135776429388
5671.87500000000000000000 0.05483931826171437041
5718.75000000000000000000 0.05374505086808535614
5765.62500000000000000000 0.05268160717169706464
5812.50000000000000000000 0.05164781487084897649
5859.37500000000000000000 0.05064255788418420973
5906.25000000000000000000 0.04966477310443698917
5953.12500000000000000000 0.04871344737081840376
6000.00000000000000000000 0.04778761464310660179
6046.87500000000000000000 0.04688635336232162276
6093.75000000000000000000 0.04600878398377177686
6140.62500000000000000000 0.04515406666979474709
6187.50000000000000000000 0.04432139913028890904
6234.37500000000000000000 0.04351001460036644369
6281.25000000000000000000 0.04271917994507080929
6328.12500000000000000000 0.04194819388217241318
6375.00000000000000000000 0.04119638531456908809
6421.87500000000000000000 0.04046311176466175358
6468.75000000000000000000 0.03974775790348429594
6515.62500000000000000000 0.03904973416818915966
6562.50000000000000000000 0.03836847546168981743
6609.37500000000000000000 0.03770343992897651902
6656.25000000000000000000 0.03705410780494051981
6703.12500000000000000000 0.03641998032888541653
6750.00000000000000000000 0.03580057872139528335
6796.87500000000000000000 0.03519544321939478693
6843.75000000000000000000 0.03460413216568718198
6890.62500000000000000000 0.03402622114941642600
6937.50000000000000000000 0.03346130219419828078
6984.37500000000000000000 0.03290898299095587620
7031.25000000000000000000 0.03236888617258820017
7078.12500000000000000000 0.03184064862787437666
7125.00000000000000000000 0.03132392085222412970
7171.87500000000000000000 0.03081836633300670189
7218.75000000000000000000 0.03032366096728385599
7265.62500000000000000000 0.02983949251012558979
7312.50000000000000000000 0.02936556005152789889
7359.37500000000000000000 0.02890157352038277144
7406.25000000000000000000 0.02844725321375672286
7453.12500000000000000000 0.02800232935012206270
7500.00000000000000000000 0.02756654164507407051
7546.87500000000000000000 0.02713963890831145448
7593.75000000000000000000 0.02672137866051823435
7640.62500000000000000000 0.02631152676925643114
7687.50000000000000000000 0.02590985710253848606
7734.37500000000000000000 0.02551615119928113060
7781.25000000000000000000 0.02513019795561022285
7828.12500000000000000000 0.02475179332619588737
7875.00000000000000000000 0.02438074003972315676
7921.87500000000000000000 0.02401684732784603593
7968.75000000000000000000 0.02365993066673538828
8015.62500000000000000000 0.02330981153074342463
8062.50000000000000000000 0.02296631715736232801
8109.37500000000000000000 0.02262928032297679970
8156.25000000000000000000 0.02229853912883831418
8203.12500000000000000000 0.02197393679670538169
8250.00000000000000000000 0.02165532147364739382
8296.87500000000000000000 0.02134254604558953952
8343.75000000000000000000 0.02103546795903363242
8390.62500000000000000000 0.02073394905075241768
8437.50000000000000000000 0.02043785538480060587
8484.37500000000000000000 0.02014705709667978864
8531.25000000000000000000 0.01986142824420328648
8578.12500000000000000000 0.01958084666474154203
8625.00000000000000000000 0.01930519383856455287
8671.87500000000000000000 0.01903435475797264284
8718.75000000000000000000 0.01876821780185650851
8765.62500000000000000000 0.01850667461564261054
8812.50000000000000000000 0.01824961999604497037
8859.37500000000000000000 0.01799695178072129725
8906.25000000000000000000 0.01774857074235591109
8953.12500000000000000000 0.01750438048711693700
9000.00000000000000000000 0.01726428735717132346
9046.87500000000000000000 0.01702820033718750389
9093.75000000000000000000 0.01679603096449733962
9140.62500000000000000000 0.01656769324292754059
9187.50000000000000000000 0.01634310355993157798
9234.37500000000000000000 0.01612218060708391076
9281.25000000000000000000 0.01590484530356906304
9328.12500000000000000000 0.01569102072275420368
9375.00000000000000000000 0.01548063202147937148
9421.87500000000000000000 0.01527360637219033965
9468.75000000000000000000 0.01506987289751913345
9515.62500000000000000000 0.01486936260748326737
9562.50000000000000000000 0.01467200833894117228
9609.37500000000000000000 0.01447774469740352454
9656.25000000000000000000 0.01428650800095326162
9703.12500000000000000000 0.01409823622628717660
9750.00000000000000000000 0.01391286895670112121
9796.87500000000000000000 0.01373034733206805746
9843.75000000000000000000 0.01355061400052116199
9890.62500000000000000000 0.01337361307200084573
9937.50000000000000000000 0.01319929007340856636
9984.37500000000000000000 0.01302759190539337295
10031.25000000000000000000 0.01285846680068332068
10078.12500000000000000000 0.01269186428390105259
10125.00000000000000000000 0.01252773513275049280
10171.87500000000000000000 0.01236603134066984432
10218.75000000000000000000 0.01220670608065104260
10265.62500000000000000000 0.01204971367045737547
10312.50000000000000000000 0.01189500953892407009
10359.37500000000000000000 0.01174255019350988610
10406.25000000000000000000 0.01159229318888649676
10453.12500000000000000000 0.01144419709667015769
10500.00000000000000000000 0.01129822147608037890
10546.87500000000000000000 0.01115432684572835627
10593.75000000000000000000 0.01101247465617915047
10640.62500000000000000000 0.01087262726358667782
10687.50000000000000000000 0.01073474790409554430
10734.37500000000000000000 0.01059880066916423121
10781.25000000000000000000 0.01046475048162308873
10828.12500000000000000000 0.01033256307259656018
10875.00000000000000000000 0.01020220495909538068
10921.87500000000000000000 0.01007364342242925842
10968.75000000000000000000 0.00994684648719379103
11015.62500000000000000000 0.00982178290105725077
11062.50000000000000000000 0.00969842211511438845
11109.37500000000000000000 0.00957673426486334647
11156.25000000000000000000 0.00945669015184256827
11203.12500000000000000000 0.00933826122578142008
11250.00000000000000000000 0.00922141956735150585
11296.87500000000000000000 0.00910613787143019909
11343.75000000000000000000 0.00899238943088814108
11390.62500000000000000000 0.00888014812092211350
11437.50000000000000000000 0.00876938838378119208
11484.37500000000000000000 0.00866008521403474098
11531.25000000000000000000 0.00855221414428411833
11578.12500000000000000000 0.00844575123123732230
11625.00000000000000000000 0.00834067304230855754
11671.87500000000000000000 0.00823695664254633746
11718.75000000000000000000 0.00813457958195188888
11765.62500000000000000000 0.00803351988324193904
11812.50000000000000000000 0.00793375602989029177
11859.37500000000000000000 0.00783526695458704008
11906.25000000000000000000 0.00773803202799219249
11953.12500000000000000000 0.00764203104785895343
12000.00000000000000000000 0.00754724422843621682
12046.87500000000000000000 0.00745365219021392258
12093.75000000000000000000 0.00736123594991502667
12140.62500000000000000000 0.00726997691084786592
12187.50000000000000000000 0.00717985685345904571
12234.37500000000000000000 0.00709085792621603865
12281.25000000000000000000 0.00700296263669816527
12328.12500000000000000000 0.00691615384299624006
12375.00000000000000000000 0.00683041474528410259
12421.87500000000000000000 0.00674572887770859362
12468.75000000000000000000 0.00666208010042455227
12515.62500000000000000000 0.00657945259191369120
12562.50000000000000000000 0.00649783084148715558
12609.37500000000000000000 0.00641719964199110628
12656.25000000000000000000 0.00633754408273273090
12703.12500000000000000000 0.00625884954258817527
12750.00000000000000000000 0.00618110168328087073
12796.87500000000000000000 0.00610428644290356929
12843.75000000000000000000 0.00602839002951448526
12890.62500000000000000000 0.00595339891500998829
12937.50000000000000000000 0.00587929982909848273
12984.37500000000000000000 0.00580607975344682448
13031.25000000000000000000 0.00573372591600508803
13078.12500000000000000000 0.00566222578544228403
13125.00000000000000000000 0.00559156706577012066
13171.87500000000000000000 0.00552173769109126633
13218.75000000000000000000 0.00545272582045477905
13265.62500000000000000000 0.00538451983292089365
13312.50000000000000000000 0.00531710832265980000
13359.37500000000000000000 0.00525048009426561189
13406.25000000000000000000 0.00518462415811978862
13453.12500000000000000000 0.00511952972593127022
13500.00000000000000000000 0.00505518620633380999
13546.87500000000000000000 0.00499158320068704246
13593.75000000000000000000 0.00492871049882109835
13640.62500000000000000000 0.00486655807511219077
13687.50000000000000000000 0.00480511608442854652
13734.37500000000000000000 0.00474437485836881005
13781.25000000000000000000 0.00468432490146719616
13828.12500000000000000000 0.00462495688755044064
13875.00000000000000000000 0.00456626165616562819
13921.87500000000000000000 0.00450823020913094369
13968.75000000000000000000 0.00445085370710334317
14015.62500000000000000000 0.00439412346631352924
14062.50000000000000000000 0.00433803095531016397
14109.37500000000000000000 0.00428256779183478192
14156.25000000000000000000 0.00422772573972332762
14203.12500000000000000000 0.00417349670594805051
14250.00000000000000000000 0.00411987273765906502
14296.87500000000000000000 0.00406684601936244117
14343.75000000000000000000 0.00401440887009990328
14390.62500000000000000000 0.00396255374076509310
14437.50000000000000000000 0.00391127321143880033
14484.37500000000000000000 0.00386055998877982837
14531.25000000000000000000 0.00381040690353122175
14578.12500000000000000000 0.00376080690802046459
14625.00000000000000000000 0.00371175307376350305
14671.87500000000000000000 0.00366323858912635499
14718.75000000000000000000 0.00361525675696719884
14765.62500000000000000000 0.00356780099247871714
14812.50000000000000000000 0.00352086482091068824
14859.37500000000000000000 0.00347444187548514357
14906.25000000000000000000 0.00342852589525539713
14953.12500000000000000000 0.00338311072311910620
15000.00000000000000000000 0.00333819030375401326
15046.87500000000000000000 0.00329375868172700117
15093.75000000000000000000 0.00324980999953163215
15140.62500000000000000000 0.00320633849576817693
15187.50000000000000000000 0.00316333850328104219
15234.37500000000000000000 0.00312080444741363698
15281.25000000000000000000 0.00307873084422837905
15328.12500000000000000000 0.00303711229886148657
15375.00000000000000000000 0.00299594350377351340
15421.87500000000000000000 0.00295521923721374065
15468.75000000000000000000 0.00291493436155331126
15515.62500000000000000000 0.00287508382178018910
15562.50000000000000000000 0.00283566264394962807
15609.37500000000000000000 0.00279666593370392260
15656.25000000000000000000 0.00275808887481902160
15703.12500000000000000000 0.00271992672778379385
15750.00000000000000000000 0.00268217482838110574
15796.87500000000000000000 0.00264482858638639094
15843.75000000000000000000 0.00260788348415042295
15890.62500000000000000000 0.00257133507536129111
15937.50000000000000000000 0.00253517898374649867
15984.37500000000000000000 0.00249941090181930638
16031.25000000000000000000 0.00246402658967124957
16078.12500000000000000000 0.00242902187375298615
16125.00000000000000000000 0.00239439264572639896
16171.87500000000000000000 0.00236013486131660209
16218.75000000000000000000 0.00232624453917157012
16265.62500000000000000000 0.00229271775979110037
16312.50000000000000000000 0.00225955066443062069
16359.37500000000000000000 0.00222673945407047668
16406.25000000000000000000 0.00219428038836586015
16453.12500000000000000000 0.00216216978466028664
16500.00000000000000000000 0.00213040401696044197
16546.87500000000000000000 0.00209897951503628440
16593.75000000000000000000 0.00206789276339189093
16640.62500000000000000000 0.00203714030041362995
16687.50000000000000000000 0.00200671871741607251
16734.37500000000000000000 0.00197662465777268285
16781.25000000000000000000 0.00194685481602523700
16828.12500000000000000000 0.00191740593707030857
16875.00000000000000000000 0.00188827481527820964
16921.87500000000000000000 0.00185945829371021568
16968.75000000000000000000 0.00183095326328752738
17015.62500000000000000000 0.00180275666203345559
17062.50000000000000000000 0.00177486547429241224
17109.37500000000000000000 0.00174727672996428029
17156.25000000000000000000 0.00171998750378308087
17203.12500000000000000000 0.00169299491459366791
17250.00000000000000000000 0.00166629612462451931
17296.87500000000000000000 0.00163988833880676188
17343.75000000000000000000 0.00161376880409122136
17390.62500000000000000000 0.00158793480878279122
17437.50000000000000000000 0.00156238368188053802
17484.37500000000000000000 0.00153711279244091083
17531.25000000000000000000 0.00151211954894476652
17578.12500000000000000000 0.00148740139868171282
17625.00000000000000000000 0.00146295582715369769
17671.87500000000000000000 0.00143878035748048853
17718.75000000000000000000 0.00141487254981283346
17765.62500000000000000000 0.00139123000076680071
17812.50000000000000000000 0.00136785034286579185
17859.37500000000000000000 0.00134473124400374348
17906.25000000000000000000 0.00132187040688129575
17953.12500000000000000000 0.00129926556852292012
18000.00000000000000000000 0.00127691449971688818
18046.87500000000000000000 0.00125481500455162541
18093.75000000000000000000 0.00123296491986911840
18140.62500000000000000000 0.00121136211484364101
18187.50000000000000000000 0.00119000449043317707
18234.37500000000000000000 0.00116888997899280522
18281.25000000000000000000 0.00114801654373571441
18328.12500000000000000000 0.00112738217834075158
18375.00000000000000000000 0.00110698490648088329
18421.87500000000000000000 0.00108682278141334189
18468.75000000000000000000 0.00106689388553696577
18515.62500000000000000000 0.00104719632998230192
18562.50000000000000000000 0.00102772825421518395
18609.37500000000000000000 0.00100848782561907850
18656.25000000000000000000 0.00098947323910826557
18703.12500000000000000000 0.00097068271675835314
18750.00000000000000000000 0.00095211450739435006
18796.87500000000000000000 0.00093376688626164008
18843.75000000000000000000 0.00091563815463522854
18890.62500000000000000000 0.00089772663946946919
18937.50000000000000000000 0.00088003069305355743
18984.37500000000000000000 0.00086254869266122166
19031.25000000000000000000 0.00084527904023318397
19078.12500000000000000000 0.00082822016201524601
19125.00000000000000000000 0.00081137050825228776
19171.87500000000000000000 0.00079472855289382098
19218.75000000000000000000 0.00077829279323395908
19265.62500000000000000000 0.00076206174965165409
19312.50000000000000000000 0.00074603396527570681
19359.37500000000000000000 0.00073020800572497701
19406.25000000000000000000 0.00071458245878493665
19453.12500000000000000000 0.00069915593415749455
19500.00000000000000000000 0.00068392706314716813
19546.87500000000000000000 0.00066889449844173717
19593.75000000000000000000 0.00065405691378103378
19640.62500000000000000000 0.00063941300375492966
19687.50000000000000000000 0.00062496148350488624
19734.37500000000000000000 0.00061070108849492022
19781.25000000000000000000 0.00059663057424784373
19828.12500000000000000000 0.00058274871612585069
19875.00000000000000000000 0.00056905430906673601
19921.87500000000000000000 0.00055554616738181682
19968.75000000000000000000 0.00054222312448248941
20015.62500000000000000000 0.00052908403271477206
20062.50000000000000000000 0.00051612776308584192
20109.37500000000000000000 0.00050335320507734617
20156.25000000000000000000 0.00049075926643363254
20203.12500000000000000000 0.00047834487294225718
20250.00000000000000000000 0.00046610896824341146
20296.87500000000000000000 0.00045405051363355540
20343.75000000000000000000 0.00044216848783625609
20390.62500000000000000000 0.00043046188686558947
20437.50000000000000000000 0.00041892972379889155
20484.37500000000000000000 0.00040757102860735901
20531.25000000000000000000 0.00039638484796542683
20578.12500000000000000000 0.00038537024509485392
20625.00000000000000000000 0.00037452629957215823
20671.87500000000000000000 0.00036385210717075828
20718.75000000000000000000 0.00035334677968382276
20765.62500000000000000000 0.00034300944478568487
20812.50000000000000000000 0.00033283924583346305
20859.37500000000000000000 0.00032283534175739094
20906.25000000000000000000 0.00031299690686242550
20953.12500000000000000000 0.00030332313072049246
21000.00000000000000000000 0.00029381321798943952
21046.87500000000000000000 0.00028446638830334096
21093.75000000000000000000 0.00027528187609529619
21140.62500000000000000000 0.00026625893049157974
21187.50000000000000000000 0.00025739681515564271
21234.37500000000000000000 0.00024869480818225217
21281.25000000000000000000 0.00024015220193376681
21328.12500000000000000000 0.00023176830296126611
21375.00000000000000000000 0.00022354243181188651
21421.87500000000000000000 0.00021547392300394090
21468.75000000000000000000 0.00020756212480917309
21515.62500000000000000000 0.00019980639922208165
21562.50000000000000000000 0.00019220612179037937
21609.37500000000000000000 0.00018476068153416424
21656.25000000000000000000 0.00017746948084194209
21703.12500000000000000000 0.00017033193533964457
21750.00000000000000000000 0.00016334747381364329
21796.87500000000000000000 0.00015651553812025983
21843.75000000000000000000 0.00014983558303741256
21890.62500000000000000000 0.00014330707623969104
21937.50000000000000000000 0.00013692949815385176
21984.37500000000000000000 0.00013070234189724048
22031.25000000000000000000 0.00012462511317570964
22078.12500000000000000000 0.00011869733020081777
22125.00000000000000000000 0.00011291852362052578
22171.87500000000000000000 0.00010728823642288849
22218.75000000000000000000 0.00010180602386095724
22265.62500000000000000000 0.00009647145339117937
22312.50000000000000000000 0.00009128410456936416
22359.37500000000000000000 0.00008624356901993309
22406.25000000000000000000 0.00008134945032609290
22453.12500000000000000000 0.00007660136399715020
22500.00000000000000000000 0.00007199893737024937
22546.87500000000000000000 0.00006754180958925238
22593.75000000000000000000 0.00006322963148718344
22640.62500000000000000000 0.00005906206558438877
22687.50000000000000000000 0.00005503878599797561
22734.37500000000000000000 0.00005115947839367816
22781.25000000000000000000 0.00004742383993386320
22828.12500000000000000000 0.00004383157923903292
22875.00000000000000000000 0.00004038241630882328
22921.87500000000000000000 0.00003707608251243050
22968.75000000000000000000 0.00003391232050381740
23015.62500000000000000000 0.00003089088422177713
23062.50000000000000000000 0.00002801153881670546
23109.37500000000000000000 0.00002527406061401439
23156.25000000000000000000 0.00002267823710068677
23203.12500000000000000000 0.00002022386686168300
23250.00000000000000000000 0.00001791075955491810
23296.87500000000000000000 0.00001573873590359368
23343.75000000000000000000 0.00001370762761523843
23390.62500000000000000000 0.00001181727741260766
23437.50000000000000000000 0.00001006753896043290
23484.37500000000000000000 0.00000845827686545742
23531.25000000000000000000 0.00000698936665525412
23578.12500000000000000000 0.00000566069473389661
23625.00000000000000000000 0.00000447215839355877
23671.87500000000000000000 0.00000342366578560983
23718.75000000000000000000 0.00000251513589170676
23765.62500000000000000000 0.00000174649852959991
23812.50000000000000000000 0.00000111769433579202
23859.37500000000000000000 0.00000062867475205202
23906.25000000000000000000 0.00000027940201385486
23953.12500000000000000000 0.00000006984915617652
24000.00000000000000000000 -0.00000000000000385731
24046.87500000000000000000 0.00000006984915617652
24093.75000000000000000000 0.00000027940201385486
24140.62500000000000000000 0.00000062867475205202
24187.50000000000000000000 0.00000111769433579202
24234.37500000000000000000 0.00000174649852959991
24281.25000000000000000000 0.00000251513589170676
24328.12500000000000000000 0.00000342366578560983
24375.00000000000000000000 0.00000447215839355877
24421.87500000000000000000 0.00000566069473389661
24468.75000000000000000000 0.00000698936665525412
24515.62500000000000000000 0.00000845827686545742
24562.50000000000000000000 0.00001006753896043290
24609.37500000000000000000 0.00001181727741260766
24656.25000000000000000000 0.00001370762761523843
24703.12500000000000000000 0.00001573873590359368
24750.00000000000000000000 0.00001791075955491810
24796.87500000000000000000 0.00002022386686168300
24843.75000000000000000000 0.00002267823710068677
24890.62500000000000000000 0.00002527406061401439
24937.50000000000000000000 0.00002801153881670546
24984.37500000000000000000 0.00003089088422177713
25031.25000000000000000000 0.00003391232050381740
25078.12500000000000000000 0.00003707608251243050
25125.00000000000000000000 0.00004038241630882328
25171.87500000000000000000 0.00004383157924096156
25218.75000000000000000000 0.00004742383993386320
25265.62500000000000000000 0.00005115947839367816
25312.50000000000000000000 0.00005503878599797561
25359.37500000000000000000 0.00005906206558438877
25406.25000000000000000000 0.00006322963148718344
25453.12500000000000000000 0.00006754180958925238
25500.00000000000000000000 0.00007199893737024937
25546.87500000000000000000 0.00007660136399715020
25593.75000000000000000000 0.00008134945032609290
25640.62500000000000000000 0.00008624356901993309
25687.50000000000000000000 0.00009128410456936416
25734.37500000000000000000 0.00009647145339117937
25781.25000000000000000000 0.00010180602386095724
25828.12500000000000000000 0.00010728823642288849
25875.00000000000000000000 0.00011291852362052578
25921.87500000000000000000 0.00011869733020081777
25968.75000000000000000000 0.00012462511317570964
26015.62500000000000000000 0.00013070234189724048
26062.50000000000000000000 0.00013692949815385176
26109.37500000000000000000 0.00014330707624161967
26156.25000000000000000000 0.00014983558303741256
26203.12500000000000000000 0.00015651553812025983
26250.00000000000000000000 0.00016334747381364329
26296.87500000000000000000 0.00017033193533964457
26343.75000000000000000000 0.00017746948084194209
26390.62500000000000000000 0.00018476068153416424
26437.50000000000000000000 0.00019220612179037937
26484.37500000000000000000 0.00019980639922208165
26531.25000000000000000000 0.00020756212480917309
26578.12500000000000000000 0.00021547392300394090
26625.00000000000000000000 0.00022354243181188651
26671.87500000000000000000 0.00023176830296126611
26718.75000000000000000000 0.00024015220193376681
26765.62500000000000000000 0.00024869480818225217
26812.50000000000000000000 0.00025739681515564271
26859.37500000000000000000 0.00026625893049157974
26906.25000000000000000000 0.00027528187609529619
26953.12500000000000000000 0.00028446638830334096
27000.00000000000000000000 0.00029381321798943952
27046.87500000000000000000 0.00030332313072049246
27093.75000000000000000000 0.00031299690686242550
27140.62500000000000000000 0.00032283534175739094
27187.50000000000000000000 0.00033283924583346305
27234.37500000000000000000 0.00034300944478568487
27281.25000000000000000000 0.00035334677968382276
27328.12500000000000000000 0.00036385210717075828
27375.00000000000000000000 0.00037452629957215823
27421.87500000000000000000 0.00038537024509485392
27468.75000000000000000000 0.00039638484796542683
27515.62500000000000000000 0.00040757102860735901
27562.50000000000000000000 0.00041892972379889155
27609.37500000000000000000 0.00043046188686558947
27656.25000000000000000000 0.00044216848783818462
27703.12500000000000000000 0.00045405051363355540
27750.00000000000000000000 0.00046610896824341146
27796.87500000000000000000 0.00047834487294225718
27843.75000000000000000000 0.00049075926643363254
27890.62500000000000000000 0.00050335320507734617
27937.50000000000000000000 0.00051612776308584192
27984.37500000000000000000 0.00052908403271477206
28031.25000000000000000000 0.00054222312448248941
28078.12500000000000000000 0.00055554616738181682
28125.00000000000000000000 0.00056905430906673601
28171.87500000000000000000 0.00058274871612585069
28218.75000000000000000000 0.00059663057424784373
28265.62500000000000000000 0.00061070108849492022
28312.50000000000000000000 0.00062496148350488624
28359.37500000000000000000 0.00063941300375492966
28406.25000000000000000000 0.00065405691378296225
28453.12500000000000000000 0.00066889449844173717
28500.00000000000000000000 0.00068392706314716813
28546.87500000000000000000 0.00069915593415749455
28593.75000000000000000000 0.00071458245878493665
28640.62500000000000000000 0.00073020800572497701
28687.50000000000000000000 0.00074603396527570681
28734.37500000000000000000 0.00076206174965165409
28781.25000000000000000000 0.00077829279323395908
28828.12500000000000000000 0.00079472855289382098
28875.00000000000000000000 0.00081137050825228776
28921.87500000000000000000 0.00082822016201524601
28968.75000000000000000000 0.00084527904023318397
29015.62500000000000000000 0.00086254869266122166
29062.50000000000000000000 0.00088003069305355743
29109.37500000000000000000 0.00089772663947139777
29156.25000000000000000000 0.00091563815463522854
29203.12500000000000000000 0.00093376688626164008
29250.00000000000000000000 0.00095211450739435006
29296.87500000000000000000 0.00097068271675835314
29343.75000000000000000000 0.00098947323910826557
29390.62500000000000000000 0.00100848782561907850
29437.50000000000000000000 0.00102772825421518395
29484.37500000000000000000 0.00104719632998230192
29531.25000000000000000000 0.00106689388553696577
29578.12500000000000000000 0.00108682278141334189
29625.00000000000000000000 0.00110698490648088329
29671.87500000000000000000 0.00112738217834075158
29718.75000000000000000000 0.00114801654373571441
29765.62500000000000000000 0.00116888997899280522
29812.50000000000000000000 0.00119000449043317707
29859.37500000000000000000 0.00121136211484364101
29906.25000000000000000000 0.00123296491986911840
29953.12500000000000000000 0.00125481500455162541
30000.00000000000000000000 0.00127691449971688818
30046.87500000000000000000 0.00129926556852292012
30093.75000000000000000000 0.00132187040688129575
30140.62500000000000000000 0.00134473124400374348
30187.50000000000000000000 0.00136785034286579185
30234.37500000000000000000 0.00139123000076680071
30281.25000000000000000000 0.00141487254981283346
30328.12500000000000000000 0.00143878035748048853
30375.00000000000000000000 0.00146295582715369769
30421.87500000000000000000 0.00148740139868171282
30468.75000000000000000000 0.00151211954894476652
30515.62500000000000000000 0.00153711279244091083
30562.50000000000000000000 0.00156238368188053802
30609.37500000000000000000 0.00158793480878279122
30656.25000000000000000000 0.00161376880409122136
30703.12500000000000000000 0.00163988833880676188
30750.00000000000000000000 0.00166629612462451931
30796.87500000000000000000 0.00169299491459366791
30843.75000000000000000000 0.00171998750378308087
30890.62500000000000000000 0.00174727672996428029
30937.50000000000000000000 0.00177486547429241224
30984.37500000000000000000 0.00180275666203345559
31031.25000000000000000000 0.00183095326328752738
31078.12500000000000000000 0.00185945829371021568
31125.00000000000000000000 0.00188827481527820964
31171.87500000000000000000 0.00191740593707030857
31218.75000000000000000000 0.00194685481602523700
31265.62500000000000000000 0.00197662465777268285
31312.50000000000000000000 0.00200671871741607251
31359.37500000000000000000 0.00203714030041362995
31406.25000000000000000000 0.00206789276339189093
31453.12500000000000000000 0.00209897951503628440
31500.00000000000000000000 0.00213040401696044197
31546.87500000000000000000 0.00216216978466028664
31593.75000000000000000000 0.00219428038836971644
31640.62500000000000000000 0.00222673945407047668
31687.50000000000000000000 0.00225955066443062069
31734.37500000000000000000 0.00229271775979110037
31781.25000000000000000000 0.00232624453917157012
31828.12500000000000000000 0.00236013486131660209
31875.00000000000000000000 0.00239439264572639896
31921.87500000000000000000 0.00242902187375298615
31968.75000000000000000000 0.00246402658967124957
32015.62500000000000000000 0.00249941090181930638
32062.50000000000000000000 0.00253517898374649867
32109.37500000000000000000 0.00257133507536129111
32156.25000000000000000000 0.00260788348415042295
32203.12500000000000000000 0.00264482858638639094
32250.00000000000000000000 0.00268217482838110574
32296.87500000000000000000 0.00271992672778379385
32343.75000000000000000000 0.00275808887481902160
32390.62500000000000000000 0.00279666593370392260
32437.50000000000000000000 0.00283566264394769993
32484.37500000000000000000 0.00287508382178018910
32531.25000000000000000000 0.00291493436155331126
32578.12500000000000000000 0.00295521923721374065
32625.00000000000000000000 0.00299594350377351340
32671.87500000000000000000 0.00303711229886148657
32718.75000000000000000000 0.00307873084422837905
32765.62500000000000000000 0.00312080444741363698
32812.50000000000000000000 0.00316333850328104219
32859.37500000000000000000 0.00320633849576817693
32906.25000000000000000000 0.00324980999953163215
32953.12500000000000000000 0.00329375868172700117
33000.00000000000000000000 0.00333819030375401326
33046.87500000000000000000 0.00338311072311910620
33093.75000000000000000000 0.00342852589525539713
33140.62500000000000000000 0.00347444187548514357
33187.50000000000000000000 0.00352086482091068824
33234.37500000000000000000 0.00356780099247871714
33281.25000000000000000000 0.00361525675696719884
33328.12500000000000000000 0.00366323858912635499
33375.00000000000000000000 0.00371175307376350305
33421.87500000000000000000 0.00376080690802046459
33468.75000000000000000000 0.00381040690353122175
33515.62500000000000000000 0.00386055998877982837
33562.50000000000000000000 0.00391127321143880033
33609.37500000000000000000 0.00396255374076509310
33656.25000000000000000000 0.00401440887009990328
33703.12500000000000000000 0.00406684601936244117
33750.00000000000000000000 0.00411987273765906502
33796.87500000000000000000 0.00417349670594805051
33843.75000000000000000000 0.00422772573972332762
33890.62500000000000000000 0.00428256779183478192
33937.50000000000000000000 0.00433803095531016397
33984.37500000000000000000 0.00439412346631545738
34031.25000000000000000000 0.00445085370710334317
34078.12500000000000000000 0.00450823020913094369
34125.00000000000000000000 0.00456626165616562819
34171.87500000000000000000 0.00462495688755044064
34218.75000000000000000000 0.00468432490146719616
34265.62500000000000000000 0.00474437485836881005
34312.50000000000000000000 0.00480511608442854652
34359.37500000000000000000 0.00486655807511219077
34406.25000000000000000000 0.00492871049882302563
34453.12500000000000000000 0.00499158320068704246
34500.00000000000000000000 0.00505518620633380999
34546.87500000000000000000 0.00511952972593127022
34593.75000000000000000000 0.00518462415811978862
34640.62500000000000000000 0.00525048009426561189
34687.50000000000000000000 0.00531710832265980000
34734.37500000000000000000 0.00538451983292089365
34781.25000000000000000000 0.00545272582045477905
34828.12500000000000000000 0.00552173769109319361
34875.00000000000000000000 0.00559156706577012066
34921.87500000000000000000 0.00566222578544228403
34968.75000000000000000000 0.00573372591600508803
35015.62500000000000000000 0.00580607975344682448
35062.50000000000000000000 0.00587929982909848273
35109.37500000000000000000 0.00595339891500998829
35156.25000000000000000000 0.00602839002951448526
35203.12500000000000000000 0.00610428644290356929
35250.00000000000000000000 0.00618110168328087073
35296.87500000000000000000 0.00625884954258817527
35343.75000000000000000000 0.00633754408273273090
35390.62500000000000000000 0.00641719964199110628
35437.50000000000000000000 0.00649783084148715558
35484.37500000000000000000 0.00657945259191369120
35531.25000000000000000000 0.00666208010042455227
35578.12500000000000000000 0.00674572887770859362
35625.00000000000000000000 0.00683041474528410259
35671.87500000000000000000 0.00691615384299624006
35718.75000000000000000000 0.00700296263669816527
35765.62500000000000000000 0.00709085792621603865
35812.50000000000000000000 0.00717985685345904571
35859.37500000000000000000 0.00726997691084786592
35906.25000000000000000000 0.00736123594991502667
35953.12500000000000000000 0.00745365219021392258
36000.00000000000000000000 0.00754724422843621682
36046.87500000000000000000 0.00764203104785895343
36093.75000000000000000000 0.00773803202799219249
36140.62500000000000000000 0.00783526695458704008
36187.50000000000000000000 0.00793375602989029177
36234.37500000000000000000 0.00803351988324193904
36281.25000000000000000000 0.00813457958195188888
36328.12500000000000000000 0.00823695664254633746
36375.00000000000000000000 0.00834067304230855754
36421.87500000000000000000 0.00844575123123732230
36468.75000000000000000000 0.00855221414428411833
36515.62500000000000000000 0.00866008521403474098
36562.50000000000000000000 0.00876938838378119208
36609.37500000000000000000 0.00888014812092211350
36656.25000000000000000000 0.00899238943088814108
36703.12500000000000000000 0.00910613787143019909
36750.00000000000000000000 0.00922141956735150585
36796.87500000000000000000 0.00933826122578142008
36843.75000000000000000000 0.00945669015184256827
36890.62500000000000000000 0.00957673426486334647
36937.50000000000000000000 0.00969842211511438845
36984.37500000000000000000 0.00982178290105725077
37031.25000000000000000000 0.00994684648719379103
37078.12500000000000000000 0.01007364342242925842
37125.00000000000000000000 0.01020220495909538068
37171.87500000000000000000 0.01033256307259463290
37218.75000000000000000000 0.01046475048162308873
37265.62500000000000000000 0.01059880066916423121
37312.50000000000000000000 0.01073474790409554430
37359.37500000000000000000 0.01087262726358667782
37406.25000000000000000000 0.01101247465617915047
37453.12500000000000000000 0.01115432684572835627
37500.00000000000000000000 0.01129822147608037890
37546.87500000000000000000 0.01144419709667015769
37593.75000000000000000000 0.01159229318888842231
37640.62500000000000000000 0.01174255019350988610
37687.50000000000000000000 0.01189500953892407009
37734.37500000000000000000 0.01204971367045737547
37781.25000000000000000000 0.01220670608065104260
37828.12500000000000000000 0.01236603134066984432
37875.00000000000000000000 0.01252773513275049280
37921.87500000000000000000 0.01269186428390105259
37968.75000000000000000000 0.01285846680068332068
38015.62500000000000000000 0.01302759190539529849
38062.50000000000000000000 0.01319929007340856636
38109.37500000000000000000 0.01337361307200084573
38156.25000000000000000000 0.01355061400052116199
38203.12500000000000000000 0.01373034733206805746
38250.00000000000000000000 0.01391286895670112121
38296.87500000000000000000 0.01409823622628717660
38343.75000000000000000000 0.01428650800095326162
38390.62500000000000000000 0.01447774469740352454
38437.50000000000000000000 0.01467200833894117228
38484.37500000000000000000 0.01486936260748326737
38531.25000000000000000000 0.01506987289751913345
38578.12500000000000000000 0.01527360637219033965
38625.00000000000000000000 0.01548063202147937148
38671.87500000000000000000 0.01569102072275420368
38718.75000000000000000000 0.01590484530356906304
38765.62500000000000000000 0.01612218060708391076
38812.50000000000000000000 0.01634310355993157798
38859.37500000000000000000 0.01656769324292754059
38906.25000000000000000000 0.01679603096449733962
38953.12500000000000000000 0.01702820033718750389
39000.00000000000000000000 0.01726428735717132346
39046.87500000000000000000 0.01750438048711693700
39093.75000000000000000000 0.01774857074235591109
39140.62500000000000000000 0.01799695178072129725
39187.50000000000000000000 0.01824961999604497037
39234.37500000000000000000 0.01850667461564261054
39281.25000000000000000000 0.01876821780185650851
39328.12500000000000000000 0.01903435475797264284
39375.00000000000000000000 0.01930519383856455287
39421.87500000000000000000 0.01958084666474154203
39468.75000000000000000000 0.01986142824420328648
39515.62500000000000000000 0.02014705709667978864
39562.50000000000000000000 0.02043785538479868033
39609.37500000000000000000 0.02073394905075241768
39656.25000000000000000000 0.02103546795903363242
39703.12500000000000000000 0.02134254604558953952
39750.00000000000000000000 0.02165532147364739382
39796.87500000000000000000 0.02197393679670538169
39843.75000000000000000000 0.02229853912883831418
39890.62500000000000000000 0.02262928032297679970
39937.50000000000000000000 0.02296631715736232801
39984.37500000000000000000 0.02330981153074342463
40031.25000000000000000000 0.02365993066673538828
40078.12500000000000000000 0.02401684732784603593
40125.00000000000000000000 0.02438074003972315676
40171.87500000000000000000 0.02475179332619588737
40218.75000000000000000000 0.02513019795561022285
40265.62500000000000000000 0.02551615119928113060
40312.50000000000000000000 0.02590985710253848606
40359.37500000000000000000 0.02631152676925643114
40406.25000000000000000000 0.02672137866051823435
40453.12500000000000000000 0.02713963890831145448
40500.00000000000000000000 0.02756654164507407051
40546.87500000000000000000 0.02800232935012206270
40593.75000000000000000000 0.02844725321375672286
40640.62500000000000000000 0.02890157352038277144
40687.50000000000000000000 0.02936556005152789889
40734.37500000000000000000 0.02983949251012558979
40781.25000000000000000000 0.03032366096728385599
40828.12500000000000000000 0.03081836633300670189
40875.00000000000000000000 0.03132392085222412970
40921.87500000000000000000 0.03184064862787437666
40968.75000000000000000000 0.03236888617258820017
41015.62500000000000000000 0.03290898299095587620
41062.50000000000000000000 0.03346130219419828078
41109.37500000000000000000 0.03402622114941642600
41156.25000000000000000000 0.03460413216568718198
41203.12500000000000000000 0.03519544321939478693
41250.00000000000000000000 0.03580057872139528335
41296.87500000000000000000 0.03641998032888541653
41343.75000000000000000000 0.03705410780494051981
41390.62500000000000000000 0.03770343992897651902
41437.50000000000000000000 0.03836847546168981743
41484.37500000000000000000 0.03904973416818915966
41531.25000000000000000000 0.03974775790348429594
41578.12500000000000000000 0.04046311176466175358
41625.00000000000000000000 0.04119638531456908809
41671.87500000000000000000 0.04194819388217241318
41718.75000000000000000000 0.04271917994507080929
41765.62500000000000000000 0.04351001460036644369
41812.50000000000000000000 0.04432139913028890904
41859.37500000000000000000 0.04515406666979474709
41906.25000000000000000000 0.04600878398377177686
41953.12500000000000000000 0.04688635336232162276
42000.00000000000000000000 0.04778761464310660179
42046.87500000000000000000 0.04871344737081840376
42093.75000000000000000000 0.04966477310443698917
42140.62500000000000000000 0.05064255788418420973
42187.50000000000000000000 0.05164781487084897649
42234.37500000000000000000 0.05268160717169706464
42281.25000000000000000000 0.05374505086808535614
42328.12500000000000000000 0.05483931826171437041
42375.00000000000000000000 0.05596564135776429388
42421.87500000000000000000 0.05712531560505469674
42468.75000000000000000000 0.05831970391527867975
42515.62500000000000000000 0.05955024098553373529
42562.50000000000000000000 0.06081843795078968606
42609.37500000000000000000 0.06212588739550144873
42656.25000000000000000000 0.06347426875675592217
42703.12500000000000000000 0.06486535415436600616
42750.00000000000000000000 0.06630101468727554737
42796.87500000000000000000 0.06778322723961971441
42843.75000000000000000000 0.06931408184435750020
42890.62500000000000000000 0.07089578965773568608
42937.50000000000000000000 0.07253069160337052845
42984.37500000000000000000 0.07422126775147362687
43031.25000000000000000000 0.07597014750585323606
43078.12500000000000000000 0.07778012067962024323
43125.00000000000000000000 0.07965414954978222717
43171.87500000000000000000 0.08159538199138657855
43218.75000000000000000000 0.08360716580346407023
43265.62500000000000000000 0.08569306435280032996
43312.50000000000000000000 0.08785687367623784549
43359.37500000000000000000 0.09010264119982364095
43406.25000000000000000000 0.09243468625239137371
43453.12500000000000000000 0.09485762257362974348
43500.00000000000000000000 0.09737638304201685913
43546.87500000000000000000 0.09999624687723515648
43593.75000000000000000000 0.10272286960459979521
43640.62500000000000000000 0.10556231610775797247
43687.50000000000000000000 0.10852109713918230149
43734.37500000000000000000 0.11160620970895074322
43781.25000000000000000000 0.11482518183027232150
43828.12500000000000000000 0.11818612216759644129
43875.00000000000000000000 0.12169777521108812723
43921.87500000000000000000 0.12536958269159900747
43968.75000000000000000000 0.12921175205539317532
44015.62500000000000000000 0.13323533294036743468
44062.50000000000000000000 0.13745230273834410650
44109.37500000000000000000 0.14187566249542596375
44156.25000000000000000000 0.14651954459843105627
44203.12500000000000000000 0.15139933392600762874
44250.00000000000000000000 0.15653180441457245631
44296.87500000000000000000 0.16193527330990162283
44343.75000000000000000000 0.16762977575462317814
44390.62500000000000000000 0.17363726281229410753
44437.50000000000000000000 0.17998182656388334033
44484.37500000000000000000 0.18668995655110209864
44531.25000000000000000000 0.19379083260361124053
44578.12500000000000000000 0.20131666000100770231
44625.00000000000000000000 0.20930305401763285578
44671.87500000000000000000 0.21778948221898625226
44718.75000000000000000000 0.22681977447158108152
44765.62500000000000000000 0.23644271255450599600
44812.50000000000000000000 0.24671271359425761549
44859.37500000000000000000 0.25769062437732537241
44906.25000000000000000000 0.26944464703821463525
44953.12500000000000000000 0.28205142081304679369
45000.00000000000000000000 0.29559728965566073322
45046.87500000000000000000 0.31017979173714343988
45093.75000000000000000000 0.32590941442897314317
45140.62500000000000000000 0.34291166758532437564
45187.50000000000000000000 0.36132953910692244825
45234.37500000000000000000 0.38132641022792701513
45281.25000000000000000000 0.40308952404904907496
45328.12500000000000000000 0.42683411980026225718
45375.00000000000000000000 0.45280836720387473981
45421.87500000000000000000 0.48129925973024179076
45468.75000000000000000000 0.51263965122353938320
45515.62500000000000000000 0.54721664442031625608
45562.50000000000000000000 0.58548155640825794155
45609.37500000000000000000 0.62796168390668172243
45656.25000000000000000000 0.67527404991740203055
45703.12500000000000000000 0.72814119615186734258
45750.00000000000000000000 0.78740882820994395619
45796.87500000000000000000 0.85406461090302454586
45843.75000000000000000000 0.92925645802884548896
45890.62500000000000000000 1.01430694257814657533
45937.50000000000000000000 1.11071744184463483407
45984.37500000000000000000 1.22015049374379902503
46031.25000000000000000000 1.34437034587269232944
46078.12500000000000000000 1.48510824335923774520
46125.00000000000000000000 1.64379923051054510630
46171.87500000000000000000 1.82111189305441278918
46218.75000000000000000000 2.01616976732186703458
46265.62500000000000000000 2.22537037714751217976
46312.50000000000000000000 2.44080983305571574959
46359.37500000000000000000 2.64862876703274396917
46406.25000000000000000000 2.82819817645034365938
46453.12500000000000000000 2.95375804308230893724
46500.00000000000000000000 3.00000000000000444089
46546.87500000000000000000 2.95086363264006479312
46593.75000000000000000000 2.80708577478134735372
46640.62500000000000000000 2.58696772446694689407
46687.50000000000000000000 2.31941463551387583308
46734.37500000000000000000 2.03414905023683134644
46781.25000000000000000000 1.75469642918851764790
46828.12500000000000000000 1.49602440623127352914
46875.00000000000000000000 1.26550035266738158946
46921.87500000000000000000 1.06512213457820781315
46968.75000000000000000000 0.89369094467170739904
47015.62500000000000000000 0.74842213895374598565
47062.50000000000000000000 0.62596508604242862006
47109.37500000000000000000 0.52297342592908468983
47156.25000000000000000000 0.43638296059210607281
47203.12500000000000000000 0.36351826918463947536
47250.00000000000000000000 0.30210773754672570757
47296.87500000000000000000 0.25025472103876555963
47343.75000000000000000000 0.20639144098646972081
47390.62500000000000000000 0.16922943670043796849
47437.50000000000000000000 0.13771311984810863382
47484.37500000000000000000 0.11097904718503151522
47531.25000000000000000000 0.08832152307442639461
47578.12500000000000000000 0.06916420236269529842
47625.00000000000000000000 0.05303698736796615132
47671.87500000000000000000 0.03955742064005306202
47718.75000000000000000000 0.02841581644223750702
47765.62500000000000000000 0.01936346939264298878
47812.50000000000000000000 0.01220338882790604138
47859.37500000000000000000 0.00678311391791624856
47906.25000000000000000000 0.00298926016339128887
47953.12500000000000000000 0.00074353101680290539
